92 3 points
0.0000000000000011 0.0 2.6180339887499 
0.356822089773094 0.872677996249968 2.28470065541658 
-0.0000000000000002 1.74535599249993 1.95136732208324 
-0.356822089773092 0.872677996249962 2.28470065541657 
2.44569498711506 0.333333333333379 0.872677996249958 
2.08887289734197 1.20601132958334 0.539344662916625 
1.51152262815234 1.95136732208326 0.872677996249972 
1.86834471792543 1.0786893258333 1.20601132958331 
1.51152262815234 0.872677996249996 -1.95136732208325 
0.934172358962706 1.61803398874991 -1.6180339887499 
0.934172358962709 2.28470065541658 -0.872677996249962 
1.51152262815234 1.53934466291666 -1.20601132958331 
-1.51152262815235 0.872677996249931 -1.95136732208321 
-1.51152262815234 1.5393446629166 -1.20601132958328 
-0.934172358962723 2.28470065541653 -0.872677996249951 
-0.934172358962726 1.61803398874987 -1.61803398874988 
-2.44569498711505 0.333333333333284 0.872677996249975 
-1.86834471792543 1.07868932583322 1.20601132958331 
-1.51152262815234 1.95136732208318 0.872677996249976 
-2.08887289734196 1.20601132958325 0.539344662916645 
-0.934172358962709 -2.28470065541658 0.872677996249962 
-0.934172358962706 -1.61803398874991 1.61803398874989 
-1.51152262815234 -0.872677996249996 1.95136732208324 
-1.51152262815234 -1.53934466291666 1.20601132958331 
0.0000000000000002 -1.74535599249993 -1.95136732208324 
-0.577350269189622 -2.07868932583328 -1.20601132958331 
-1.51152262815234 -1.95136732208326 -0.872677996249972 
-0.934172358962719 -1.61803398874992 -1.6180339887499 
0.934172358962717 0.127322003750059 -2.28470065541658 
-0.0000000000000012 -0.0000000000000003 -2.6180339887499 
0.57735026918962 0.745355992499936 -2.28470065541657 
1.51152262815234 1.95136732208327 -0.12732200375003 
0.934172358962709 2.28470065541658 0.127322003750038 
-0.577350269189627 2.07868932583324 1.2060113295833 
-0.934172358962715 1.61803398874987 1.61803398874991 
-2.08887289734196 -0.53934466291668 1.20601132958331 
-1.86834471792543 -0.0000000000000326 1.61803398874991 
-0.577350269189621 -0.745355992499936 2.28470065541657 
-0.934172358962716 -0.127322003750059 2.28470065541658 
1.51152262815235 -0.872677996249931 1.95136732208321 
2.08887289734196 -0.539344662916586 1.20601132958328 
1.86834471792544 0.0000000000000361 1.61803398874989 
0.934172358962723 -2.28470065541653 0.872677996249951 
0.93417235896272 -2.28470065541653 -0.127322003750048 
1.51152262815234 -1.95136732208318 -0.872677996249976 
1.51152262815234 -1.95136732208318 0.127322003750023 
-1.51152262815234 -1.95136732208327 0.12732200375003 
-0.93417235896271 -2.28470065541658 -0.127322003750038 
0.934172358962719 -0.127322003750011 2.28470065541656 
0.57735026918963 -0.745355992499916 2.28470065541655 
0.934172358962718 1.61803398874992 1.6180339887499 
0.577350269189622 2.07868932583328 1.20601132958331 
-0.93417235896272 2.28470065541653 0.127322003750048 
-1.51152262815234 1.95136732208318 -0.127322003750022 
-0.57735026918963 0.745355992499915 -2.28470065541655 
-0.934172358962719 0.127322003750011 -2.28470065541656 
0.934172358962715 -1.61803398874987 -1.61803398874991 
0.577350269189627 -2.07868932583324 -1.2060113295833 
1.51152262815234 -1.5393446629166 1.20601132958328 
0.934172358962725 -1.61803398874987 1.61803398874988 
2.44569498711505 -0.333333333333284 -0.872677996249975 
2.44569498711506 0.333333333333382 -0.127322003750043 
2.44569498711505 -0.333333333333284 0.127322003750025 
-0.0000000000000084 2.41202265916659 -0.539344662916623 
-0.0000000000000071 2.15737865166651 -1.20601132958328 
-2.44569498711506 -0.333333333333379 -0.872677996249958 
-2.44569498711506 -0.333333333333382 0.127322003750043 
-2.44569498711505 0.333333333333284 -0.127322003750025 
1.86834471792543 0.0000000000000326 -1.61803398874991 
2.08887289734196 0.539344662916681 -1.20601132958331 
-2.08887289734197 -1.20601132958334 -0.539344662916625 
-1.86834471792543 -1.0786893258333 -1.20601132958331 
0.0000000000000084 -2.41202265916659 0.539344662916623 
0.000000000000007 -2.15737865166652 1.20601132958329 
1.86834471792543 -1.07868932583322 -1.20601132958331 
2.08887289734196 -1.20601132958325 -0.539344662916645 
-2.08887289734197 0.539344662916586 -1.20601132958328 
-1.86834471792544 -0.0000000000000364 -1.61803398874989 
0.356822089773093 -0.872677996249963 -2.28470065541657 
-0.356822089773094 -0.872677996249968 -2.28470065541658 
-1.29099444873581 0.745355992499905 1.95136732208325 
1.29099444873581 0.745355992499957 1.95136732208324 
2.08887289734198 1.20601132958335 -0.460655337083377 
-0.00000000000001 1.49071198499985 -1.95136732208322 
-2.08887289734196 1.20601132958325 -0.460655337083354 
-2.08887289734197 -1.20601132958335 0.460655337083377 
-1.29099444873581 -0.745355992499957 -1.95136732208324 
-0.0000000000000073 2.41202265916659 0.460655337083377 
2.08887289734196 -1.20601132958325 0.460655337083353 
0.0000000000000069 -2.41202265916659 -0.460655337083377 
0.0000000000000096 -1.49071198499985 1.95136732208322 
1.29099444873581 -0.745355992499905 -1.95136732208325
