28
53
71
15
83
83
83
74
39
34
5
68
83
14
71
25
47
39
53
3
74
51
55
83
100
6
22
38
96
21
61
83
47
25
6
68
74
83
86
61
92
47
15
71
51
11
8
68
21
74
61
83
6
92
4
2
25
28
55
38
96
83
6
22
39
92
68
4
100
74
61
92
61
39
13
61
30
39
15
96
18
21
34
74
39
83
25
86
47
86
34
28
74
13
68
83
15
15
21
21
47
55
83
15
92
22
47
55
15
96
53
61
61
47
47
71
34
55
96
4
83
6
22
4
8
83
15
2
18
3
68
61
5
39
47
47
22
55
96
100
83
83
39
39
8
5
26
6
1
22
83
22
6
18
30
21
1
96
15
96
53
21
26
9
68
7
92
83
61
92
47
61
83
53
22
55
14
34
47
61
86
47
51
4
86
83
61
30
83
4
2
39
26
68
39
47
22
96
86
100
96
86
39
83
53
15
92
34
68
51
34
39
92
86
34
61
100
25
7
6
21
22
61
47
34
61
38
53
39
16
74
47
25
51
14
55
38
86
28
47
39
68
83
92
28
47
61
39
96
1
38
34
2
83
61
71
8
28
74
51
74
1
68
61
71
38
28
83
61
68
21
11
10
39
39
38
61
53
14
53
83
22
83
96
11
8
86
22
86
96
38
86
25
96
61
1
15
21
0
61
11
83
61
86
71
83
86
71
86
86
71
21
71
68
96
16
96
39
15
34
39
71
53
83
86
39
86
39
15
39
68
25
15
61
83
9
83
68
83
68
30
13
39
30
25
86
83
74
71
92
71
6
83
47
14
61
83
47
83
8
34
55
68
96
16
28
11
28
28
47
92
28
22
86
15
11
83
92
55
34
51
47
18
0
39
61
2
53
68
28
61
1
22
22
4
30
4
8
74
25
96
39
68
22
92
15
6
1
86
15
21
18
83
68
68
8
2
55
83
71
25
53
71
96
86
25
74
30
11
11
4
100
13
10
14
61
61
92
83
18
92
47
28
15
18
26
11
2
92
96
10
61
61
83
5
55
86
6
71
28
51
71
13
53
61
61
96
96
25
39
92
92
38
21
22
86
86
13
6
68
18
92
83
92
51
2
25
39
51
34
86
15
4
26
83
14
47
92
83
13
55
22
96
61
86
34
96
11
68
28
83
100
47
39
83
15
38
21
86
92
39
39
47
83
38
74
61
86
8
61
38
61
15
39
96
61
47
38
34
61
1
26
55
92
14
68
68
92
15
83
22
74
53
28
3
71
83
38
14
83
5
10
34
22
28
71
15
86
51
83
14
47
61
83
22
83
96
47
0
61
21
96
18
83
22
38
39
68
83
10
39
53
8
61
38
6
96
83
83
28
47
100
30
61
11
2
14
92
38
3
38
96
96
71
1
83
3
96
38
92
21
74
30
51
5
4
39
4
55
47
92
4
53
47
25
68
2
74
96
8
100
74
25
53
68
38
83
68
74
53
14
18
38
6
83
38
51
83
10
34
6
30
61
21
86
61
4
13
11
68
28
38
18
34
22
51
34
83
25
47
47
61
34
61
13
30
96
1
28
30
25
96
51
92
30
47
100
38
83
14
86
83
21
71
100
4
6
47
68
34
51
53
39
30
92
55
47
13
92
61
83
38
61
21
39
1
61
47
39
92
3
61
61
55
53
47
0
4
61
47
4
6
83
47
14
61
10
61
92
15
83
38
96
96
47
28
86
22
71
21
96
39
74
6
28
92
6
74
96
83
68
6
15
96
96
25
55
96
86
30
21
55
21
86
68
83
38
28
86
9
92
3
61
25
39
1
68
68
83
68
96
3
39
7
96
83
28
96
51
83
2
34
61
3
15
68
4
39
47
15
68
25
39
26
92
68
34
34
61
86
38
4
6
3
68
1
68
68
4
21
28
13
38
96
38
96
25
47
30
15
53
61
26
83
83
28
68
3
47
39
7
47
71
68
68
13
96
2
14
68
22
86
68
83
47
83
7
34
0
14
51
47
96
39
38
86
53
83
39
30
61
61
61
53
71
22
61
68
71
92
6
14
47
53
34
74
28
7
34
92
28
39
68
86
34
74
68
74
26
86
83
8
39
83
92
83
100
38
71
96
68
47
8
34
7
14
10
14
86
1
8
38
16
96
83
68
38
8
38
51
39
34
55
18
61
21
47
6
6
83
10
39
4
86
74
34
8
39
61
22
39
100
55
30
13
83
14
28
68
53
39
47
39
47
25
83
47
51
25
34
53
28
55
96
68
28
47
71
21
39
47
39
18
26
21
92
68
92
71
55
83
92
39
86
86
55
14
10
53
51
86
53
92
83
92
6
30
4
83
51
96
39
96
39
18
30
47
92
21
53
71
30
14
21
34
0
47
68
34
47
18
28
86
39
8
68
68
92
71
74
1
8
21
34
74
55
51
34
34
51
28
6
26
83
61
68
30
6
55
38
92
34
39
38
61
61
86
86
96
68
61
39
83
83
21
34
15
39
100
13
71
86
74
8
53
92
10
61
4
30
86
53
92
83
96
71
74
92
83
14
71
11
96
38
0
55
92
83
4
34
51
53
8
22
4
53
53
83
21
53
92
39
47
39
18
28
38
13
96
22
83
47
2
51
83
71
6
83
71
100
47
47
86
53
71
92
2
22
7
96
4
86
83
68
53
34
92
22
53
47
83
92
0
39
51
28
39
39
11
14
96
92
68
10
1
71
100
