54
46
97
90
70
74
84
44
47
40
63
65
84
56
90
65
40
75
75
55
56
33
47
55
47
20
34
34
81
22
92
30
92
24
36
59
90
40
84
47
35
33
3
65
30
34
90
54
65
40
30
24
55
47
17
40
63
90
70
30
40
47
44
90
54
65
84
55
50
84
50
84
46
54
32
27
47
92
40
59
65
84
40
34
92
75
100
84
35
84
54
74
63
65
14
81
40
74
36
27
55
50
44
55
63
84
74
54
21
70
47
97
63
40
65
14
36
70
33
46
74
35
50
22
54
36
84
33
97
75
75
92
30
70
65
74
47
74
54
33
65
36
54
84
47
14
84
36
54
40
40
50
21
47
34
40
47
97
97
84
22
30
65
97
65
75
55
75
84
47
74
34
46
84
33
90
46
34
34
40
65
65
90
74
81
56
36
74
74
74
32
27
33
44
75
74
47
47
74
84
30
59
55
54
65
65
46
34
29
65
84
97
84
46
70
84
92
65
17
65
56
18
32
13
17
47
54
24
27
47
70
74
63
46
90
24
63
47
46
40
47
47
22
74
63
63
34
32
34
84
92
55
40
81
92
32
39
63
90
47
74
63
55
18
74
74
54
97
40
63
74
21
34
84
97
30
74
50
55
84
44
74
74
46
47
47
75
63
55
63
63
74
90
92
36
70
92
81
65
40
97
97
36
33
74
63
24
63
47
40
70
81
84
34
90
59
90
59
74
65
55
74
74
74
33
74
65
33
59
36
65
47
97
39
65
40
47
59
46
47
47
50
40
90
92
34
97
54
65
54
97
84
84
55
40
74
27
55
70
74
84
81
56
17
40
59
33
27
40
97
65
74
46
84
30
84
92
40
65
84
63
63
63
46
84
56
97
70
46
33
65
47
47
81
65
63
84
74
50
63
19
74
90
40
75
30
50
50
54
47
47
17
81
36
47
47
40
47
74
90
54
6
24
97
92
56
63
84
36
55
40
75
33
33
59
40
40
90
84
33
56
39
24
84
39
84
74
84
40
74
65
47
70
47
47
50
50
54
97
34
27
65
90
55
40
30
54
74
56
74
33
70
100
46
24
40
47
56
47
84
63
47
54
30
27
63
54
74
54
32
39
24
39
84
84
74
65
90
40
47
40
34
55
35
65
46
56
47
84
97
90
40
27
13
84
81
63
63
81
21
74
97
33
56
55
34
33
32
33
70
27
54
74
74
74
11
47
59
75
27
40
40
34
39
74
27
47
90
44
50
35
59
11
81
81
54
65
90
16
92
74
63
9
75
21
27
34
30
32
97
84
84
40
40
75
46
81
63
14
32
65
18
100
75
63
63
36
97
70
75
81
90
55
92
36
27
46
47
39
8
27
55
40
33
84
54
65
40
40
36
74
46
92
92
40
40
36
35
34
55
54
84
84
27
55
70
56
44
84
92
24
92
54
36
84
63
50
35
27
84
65
59
63
40
22
65
28
55
100
18
74
46
47
46
97
46
44
97
81
75
84
46
92
100
47
70
32
97
44
35
65
75
92
14
30
97
35
55
24
90
46
27
84
50
63
29
23
65
70
84
24
63
84
97
97
63
90
81
27
55
56
47
63
40
35
97
97
46
50
97
90
30
81
47
47
47
54
27
56
75
27
34
40
55
56
74
65
55
54
75
92
84
65
40
55
40
63
35
81
59
97
54
84
40
50
35
55
84
84
22
34
30
81
46
29
27
32
39
34
47
81
92
84
65
84
33
27
55
47
74
84
84
92
35
74
27
54
63
40
74
22
54
39
84
32
33
70
56
27
70
30
54
24
65
81
54
84
55
63
35
22
54
63
39
34
47
55
40
70
90
47
97
55
84
32
47
47
65
63
34
97
59
65
92
59
97
74
54
84
46
84
20
56
40
81
59
84
39
34
59
39
47
47
65
17
84
40
50
97
92
65
54
63
55
32
56
39
47
65
74
40
22
47
16
75
21
90
35
92
24
65
65
46
33
74
65
40
33
47
97
75
32
74
70
40
74
47
27
46
54
40
55
40
27
39
27
47
54
63
74
97
46
40
40
5
46
24
29
90
90
22
18
97
27
84
40
81
40
40
35
30
81
27
90
63
33
97
90
56
40
13
40
70
65
39
54
50
44
47
44
75
84
47
34
32
74
63
46
74
55
92
75
33
90
21
27
47
74
47
55
55
70
84
92
56
35
74
54
65
84
47
36
90
47
90
54
74
44
55
70
27
34
46
24
33
81
36
34
63
65
24
30
90
75
59
74
63
65
97
90
50
24
34
36
63
54
55
34
40
92
56
55
70
54
70
54
74
100
33
46
40
81
75
75
16
74
40
56
92
54
23
17
63
56
55
70
36
18
90
36
40
47
74
84
84
33
97
54
65
27
34
74
75
50
32
92
84
74
32
65
75
29
70
97
84
54
92
36
65
65
63
97
24
84
97
84
56
34
92
65
29
40
74
40
47
54
50
54
34
90
54
40
59
63
32
90
81
8
74
55
40
74
55
70
27
39
90
54
84
63
84
84
90
74
65
74
84
33
47
74
40
35
20
84
30
56
74
54
40
14
56
55
84
40
63
36
65
36
92
40
47
35
46
40
81
59
40
81
47
47
46
39
90
97
81
47
92
90
65
97
75
34
81
44
84
32
27
81
24
90
47
97
44
47
40
22
54
47
30
84
47
65
40
36
22
70
65
35
100
44
55
65
50
75
47
54
16
