67
20
79
74
4
53
67
53
24
8
1
0
65
13
87
29
24
24
90
19
6
12
87
39
96
53
7
65
30
19
4
58
24
10
12
67
74
43
67
65
53
27
49
10
79
90
35
2
0
19
79
15
20
49
12
53
8
19
67
39
49
40
35
87
65
27
74
4
17
10
79
53
40
19
65
65
53
58
12
2
1
12
65
27
90
39
65
65
65
39
1
24
7
30
65
27
4
8
39
49
0
79
53
49
7
12
49
79
20
27
39
39
79
4
49
87
67
4
43
35
65
43
67
53
35
53
10
29
4
65
49
90
67
15
39
6
19
24
58
87
49
15
79
74
15
79
35
96
90
27
96
74
40
74
67
74
29
79
7
65
87
20
53
53
90
58
24
29
90
90
40
65
17
58
35
39
29
4
49
35
79
96
35
43
65
40
96
29
90
30
15
8
6
96
0
79
58
30
87
96
15
1
87
49
65
17
3
0
96
87
49
49
35
79
67
8
53
74
12
12
19
49
19
87
12
35
67
58
79
30
65
87
39
35
2
87
2
35
74
74
19
67
17
8
2
8
15
1
35
17
3
96
8
12
53
4
87
87
40
0
53
87
19
19
8
2
19
53
74
4
67
53
7
2
43
87
79
15
39
2
35
0
27
74
74
19
65
65
79
8
53
40
40
79
65
6
79
79
12
87
1
29
79
12
96
79
100
49
65
79
43
20
53
100
29
49
96
1
4
24
40
35
58
17
4
4
87
74
87
79
19
65
74
39
87
49
96
74
29
67
90
53
12
87
49
29
96
74
17
58
79
1
79
74
39
12
8
43
3
79
67
0
96
67
3
79
79
79
19
17
53
4
40
24
29
79
43
4
29
20
53
24
35
65
17
53
39
24
53
65
79
74
24
3
90
90
53
17
96
74
13
90
19
2
65
79
65
19
15
53
0
65
12
27
96
58
87
79
35
58
20
30
87
43
49
1
49
43
79
10
87
74
24
49
17
10
35
4
30
53
4
43
39
17
39
87
17
27
24
2
19
24
65
27
30
87
49
30
39
8
4
10
12
39
53
27
27
1
29
12
8
65
40
17
39
19
8
17
24
19
65
24
39
10
53
96
49
4
24
1
1
30
87
8
90
96
58
4
39
29
15
49
8
19
13
90
29
96
10
40
12
79
79
90
29
19
87
74
4
65
30
20
12
53
79
53
74
90
24
35
15
65
12
29
79
27
79
35
90
90
35
65
1
39
24
96
39
30
20
4
8
29
35
58
27
8
29
53
12
17
79
19
87
39
74
90
87
43
17
35
65
19
8
67
8
27
96
35
67
74
35
27
53
12
87
35
53
0
13
53
35
65
39
74
53
3
100
53
79
27
74
17
24
1
20
96
87
3
65
74
4
0
35
53
3
79
20
87
1
1
8
67
19
58
53
8
1
65
79
90
29
90
12
39
90
40
39
35
30
0
67
39
79
17
65
20
40
90
24
39
58
74
8
53
79
49
1
96
12
65
15
65
8
90
4
79
79
96
12
13
27
96
19
2
8
30
67
65
24
96
79
29
15
49
87
87
12
74
87
1
20
49
100
0
19
53
96
79
74
4
58
12
53
79
43
87
27
49
79
2
79
79
1
90
43
24
20
49
4
0
1
39
74
58
2
4
79
35
53
58
65
30
12
12
19
15
35
10
17
12
74
20
87
10
39
0
8
17
20
43
49
35
43
67
49
13
74
40
19
6
19
24
87
1
4
90
35
29
1
4
96
15
96
65
96
40
0
39
90
27
19
15
35
17
15
58
0
100
8
19
65
67
90
39
67
58
35
65
79
39
74
12
87
96
100
58
1
58
27
67
20
67
29
4
53
79
27
39
53
20
65
29
96
29
53
79
0
35
30
39
0
90
49
90
39
90
0
2
58
74
35
87
65
3
65
53
74
0
24
8
39
79
30
49
29
49
17
67
27
0
79
12
40
79
87
90
1
35
49
29
35
96
49
43
74
49
0
43
87
43
27
96
20
58
65
74
6
12
43
0
24
39
19
2
74
67
49
24
87
53
35
87
40
49
43
96
3
17
0
12
49
79
30
43
49
49
43
2
53
79
96
49
19
96
90
39
79
30
87
2
53
24
27
65
65
10
49
53
17
29
74
58
79
79
58
10
39
2
6
13
10
35
65
40
67
8
6
79
87
65
15
35
87
65
35
53
49
58
43
74
96
90
49
49
19
17
90
39
1
4
58
4
96
0
43
74
90
1
65
79
49
40
49
2
2
40
53
79
19
7
12
0
8
90
49
2
67
24
90
74
40
96
87
67
49
1
53
90
90
0
67
24
58
49
65
27
13
30
24
79
30
43
96
40
7
17
43
87
8
35
8
53
90
65
67
8
40
17
27
29
43
8
8
43
53
19
87
39
43
30
13
39
90
19
53
13
74
35
8
8
87
40
79
43
65
29
58
49
87
4
96
65
3
2
49
27
74
39
58
27
79
53
74
10
27
40
8
43
1
49
4
4
8
19
67
19
79
29
39
39
27
17
74
35
79
79
87
90
79
1
1
96
53
39
35
27
39
100
29
27
39
8
35
27
53
87
67
65
74
87
79
96
58
43
65
27
87
7
0
39
67
10
67
96
90
87
49
27
6
20
79
30
8
39
12
79
74
53
67
35
4
35
0
24
0
24
7
40
67
29
96
8
39
27
29
53
29
19
49
35
30
30
35
49
53
67
0
