faces = [
  { vertices: [ 0.1, 0.1, 1.1, 0.1, -0.1, 1.1, -0.1, 0.1, 1.1, -0.1, -0.1, 1.1] },
  { vertices: [ 0.1, -0.1, -1.1, 0.1, 0.1, -1.1, -0.1, -0.1, -1.1, -0.1, 0.1, -1.1] },
  { vertices: [ 0.1, 0.1, 1.1, -0.1, 0.1, 1.1, 0.1, 0.1, -1.1, -0.1, 0.1, -1.1 ] },
  { vertices: [ 0.1, 0.1, 1.1, 0.1, -0.1, 1.1, 0.1, 0.1, -1.1, 0.1, -0.1, -1.1 ] },
  { vertices: [ -0.1, 0.1, 1.1, -0.1, -0.1, 1.1, -0.1, 0.1, -1.1, -0.1, -0.1, -1.1 ] },
  { vertices: [ -0.1, -0.1, 1.1, 0.1, -0.1, 1.1, -0.1, -0.1, -1.1, 0.1, -0.1, -1.1 ] },

  { vertices: [ 0.1, -1.1, 0.1, 0.1, -1.1, -0.1, -0.1, -1.1, 0.1, -0.1, -1.1, -0.1] },
  { vertices: [ 0.1, 1.1, -0.1, 0.1, 1.1, 0.1, -0.1, 1.1, -0.1, -0.1, 1.1, 0.1] },
  { vertices: [ 0.1, 1.1, -0.1, 0.1, 1.1, 0.1, 0.1, -1.1, -0.1, 0.1, -1.1, 0.1] },
  { vertices: [ -0.1, 1.1, -0.1, -0.1, 1.1, 0.1, -0.1, -1.1, -0.1, -0.1, -1.1, 0.1] },
  { vertices: [ 0.1, 1.1, -0.1, -0.1, 1.1, -0.1, 0.1, -1.1, -0.1, -0.1, -1.1, -0.1] },
  { vertices: [ 0.1, 1.1, 0.1, -0.1, 1.1, 0.1, 0.1, -1.1, 0.1, -0.1, -1.1, 0.1] },

  { vertices: [ 1.1, 0.1, -0.1, 1.1, -0.1, -0.1, 1.1, 0.1, 0.1, 1.1, -0.1, 0.1] },
  { vertices: [ -1.1, 0.1, 0.1, -1.1, -0.1, 0.1, -1.1, 0.1, -0.1, -1.1, -0.1, -0.1] },
  { vertices: [ 1.1, 0.1, -0.1, 1.1, -0.1, -0.1, -1.1, 0.1, -0.1, -1.1, -0.1, -0.1] },
  { vertices: [ 1.1, 0.1, 0.1, 1.1, -0.1, 0.1, -1.1, 0.1, 0.1, -1.1, -0.1, 0.1] },
  { vertices: [ 1.1, 0.1, 0.1, 1.1, 0.1, -0.1, -1.1, 0.1, 0.1, -1.1, 0.1, -0.1] },
  { vertices: [ 1.1, -0.1, 0.1, 1.1, -0.1, -0.1, -1.1, -0.1, 0.1, -1.1, -0.1, -0.1] }
];
