3 1 2 4
--------
2 4 3 1 | 3
3 1 4 2 | 2
4 2 1 3 | 2
1 3 2 4 | 1
Total: 18

3 1 2 3
--------
2 4 3 1 | 3
3 1 4 2 | 2
1 3 2 4 | 1
4 2 1 3 | 2
Total: 17

3 1 2 2
--------
2 4 3 1 | 3
3 1 2 4 | 1
4 2 1 3 | 2
1 3 4 2 | 2
Total: 16

3 1 2 2
--------
2 4 3 1 | 3
3 1 2 4 | 1
4 3 1 2 | 3
1 2 4 3 | 2
Total: 17

3 1 2 2
--------
2 4 3 1 | 3
3 1 2 4 | 1
1 3 4 2 | 2
4 2 1 3 | 2
Total: 16

3 1 2 2
--------
2 4 3 1 | 3
3 1 2 4 | 1
1 2 4 3 | 2
4 3 1 2 | 3
Total: 17

3 1 2 2
--------
2 4 3 1 | 3
3 2 1 4 | 1
4 1 2 3 | 2
1 3 4 2 | 2
Total: 16

3 1 2 2
--------
2 4 3 1 | 3
3 2 1 4 | 1
1 3 4 2 | 2
4 1 2 3 | 2
Total: 16

2 1 2 3
--------
2 4 3 1 | 3
4 2 1 3 | 2
3 1 4 2 | 2
1 3 2 4 | 1
Total: 16

2 1 2 3
--------
2 4 3 1 | 3
4 2 1 3 | 2
3 1 2 4 | 1
1 3 4 2 | 2
Total: 16

2 1 2 3
--------
2 4 3 1 | 3
4 2 1 3 | 2
1 3 2 4 | 1
3 1 4 2 | 2
Total: 16

2 1 2 3
--------
2 4 3 1 | 3
4 2 1 3 | 2
1 3 4 2 | 2
3 1 2 4 | 1
Total: 16

2 1 2 3
--------
2 4 3 1 | 3
4 3 1 2 | 3
3 1 2 4 | 1
1 2 4 3 | 2
Total: 17

2 1 2 4
--------
2 4 3 1 | 3
4 3 1 2 | 3
1 2 4 3 | 2
3 1 2 4 | 1
Total: 18

2 1 2 3
--------
2 4 3 1 | 3
4 1 2 3 | 2
3 2 1 4 | 1
1 3 4 2 | 2
Total: 16

2 1 2 3
--------
2 4 3 1 | 3
4 1 2 3 | 2
1 3 4 2 | 2
3 2 1 4 | 1
Total: 16

3 1 2 2
--------
2 4 3 1 | 3
1 3 2 4 | 1
3 1 4 2 | 2
4 2 1 3 | 2
Total: 16

2 1 2 2
--------
2 4 3 1 | 3
1 3 2 4 | 1
4 2 1 3 | 2
3 1 4 2 | 2
Total: 15

3 1 2 3
--------
2 4 3 1 | 3
1 3 4 2 | 2
3 1 2 4 | 1
4 2 1 3 | 2
Total: 17

3 1 2 3
--------
2 4 3 1 | 3
1 3 4 2 | 2
3 2 1 4 | 1
4 1 2 3 | 2
Total: 17

2 1 2 4
--------
2 4 3 1 | 3
1 3 4 2 | 2
4 2 1 3 | 2
3 1 2 4 | 1
Total: 17

2 1 2 4
--------
2 4 3 1 | 3
1 3 4 2 | 2
4 1 2 3 | 2
3 2 1 4 | 1
Total: 17

3 1 2 3
--------
2 4 3 1 | 3
1 2 4 3 | 2
3 1 2 4 | 1
4 3 1 2 | 3
Total: 18

2 1 2 3
--------
2 4 3 1 | 3
1 2 4 3 | 2
4 3 1 2 | 3
3 1 2 4 | 1
Total: 17

3 1 2 2
--------
2 4 1 3 | 2
3 1 4 2 | 2
4 2 3 1 | 3
1 3 2 4 | 1
Total: 16

3 1 2 2
--------
2 4 1 3 | 2
3 1 4 2 | 2
4 3 2 1 | 4
1 2 3 4 | 1
Total: 17

3 1 2 2
--------
2 4 1 3 | 2
3 1 4 2 | 2
1 3 2 4 | 1
4 2 3 1 | 3
Total: 16

3 1 2 2
--------
2 4 1 3 | 2
3 1 4 2 | 2
1 2 3 4 | 1
4 3 2 1 | 4
Total: 17

3 1 4 2
--------
2 4 1 3 | 2
3 1 2 4 | 1
4 2 3 1 | 3
1 3 4 2 | 2
Total: 18

3 1 3 2
--------
2 4 1 3 | 2
3 1 2 4 | 1
1 3 4 2 | 2
4 2 3 1 | 3
Total: 17

3 1 2 2
--------
2 4 1 3 | 2
3 2 4 1 | 2
4 1 3 2 | 3
1 3 2 4 | 1
Total: 16

3 1 2 2
--------
2 4 1 3 | 2
3 2 4 1 | 2
1 3 2 4 | 1
4 1 3 2 | 3
Total: 16

2 1 3 2
--------
2 4 1 3 | 2
4 2 3 1 | 3
3 1 4 2 | 2
1 3 2 4 | 1
Total: 16

2 1 3 2
--------
2 4 1 3 | 2
4 2 3 1 | 3
3 1 2 4 | 1
1 3 4 2 | 2
Total: 16

2 1 3 2
--------
2 4 1 3 | 2
4 2 3 1 | 3
1 3 2 4 | 1
3 1 4 2 | 2
Total: 16

2 1 3 2
--------
2 4 1 3 | 2
4 2 3 1 | 3
1 3 4 2 | 2
3 1 2 4 | 1
Total: 16

2 1 3 2
--------
2 4 1 3 | 2
4 3 2 1 | 4
3 1 4 2 | 2
1 2 3 4 | 1
Total: 17

2 1 4 2
--------
2 4 1 3 | 2
4 3 2 1 | 4
1 2 3 4 | 1
3 1 4 2 | 2
Total: 18

2 1 3 2
--------
2 4 1 3 | 2
4 1 3 2 | 3
3 2 4 1 | 2
1 3 2 4 | 1
Total: 16

2 1 3 2
--------
2 4 1 3 | 2
4 1 3 2 | 3
1 3 2 4 | 1
3 2 4 1 | 2
Total: 16

3 1 3 2
--------
2 4 1 3 | 2
1 3 2 4 | 1
3 1 4 2 | 2
4 2 3 1 | 3
Total: 17

3 1 3 2
--------
2 4 1 3 | 2
1 3 2 4 | 1
3 2 4 1 | 2
4 1 3 2 | 3
Total: 17

2 1 4 2
--------
2 4 1 3 | 2
1 3 2 4 | 1
4 2 3 1 | 3
3 1 4 2 | 2
Total: 17

2 1 4 2
--------
2 4 1 3 | 2
1 3 2 4 | 1
4 1 3 2 | 3
3 2 4 1 | 2
Total: 17

3 1 2 2
--------
2 4 1 3 | 2
1 3 4 2 | 2
3 1 2 4 | 1
4 2 3 1 | 3
Total: 16

2 1 2 2
--------
2 4 1 3 | 2
1 3 4 2 | 2
4 2 3 1 | 3
3 1 2 4 | 1
Total: 15

3 1 3 2
--------
2 4 1 3 | 2
1 2 3 4 | 1
3 1 4 2 | 2
4 3 2 1 | 4
Total: 18

2 1 3 2
--------
2 4 1 3 | 2
1 2 3 4 | 1
4 3 2 1 | 4
3 1 4 2 | 2
Total: 17

3 4 1 2
--------
2 1 4 3 | 2
3 2 1 4 | 1
4 3 2 1 | 4
1 4 3 2 | 3
Total: 20

3 3 1 2
--------
2 1 4 3 | 2
3 2 1 4 | 1
1 4 3 2 | 3
4 3 2 1 | 4
Total: 19

3 2 1 2
--------
2 1 4 3 | 2
3 4 2 1 | 3
4 3 1 2 | 3
1 2 3 4 | 1
Total: 17

3 2 1 2
--------
2 1 4 3 | 2
3 4 2 1 | 3
1 2 3 4 | 1
4 3 1 2 | 3
Total: 17

3 2 1 2
--------
2 1 4 3 | 2
3 4 1 2 | 2
4 2 3 1 | 3
1 3 2 4 | 1
Total: 16

3 2 1 2
--------
2 1 4 3 | 2
3 4 1 2 | 2
4 3 2 1 | 4
1 2 3 4 | 1
Total: 17

3 2 1 2
--------
2 1 4 3 | 2
3 4 1 2 | 2
1 3 2 4 | 1
4 2 3 1 | 3
Total: 16

3 2 1 2
--------
2 1 4 3 | 2
3 4 1 2 | 2
1 2 3 4 | 1
4 3 2 1 | 4
Total: 17

2 3 1 2
--------
2 1 4 3 | 2
4 2 3 1 | 3
3 4 1 2 | 2
1 3 2 4 | 1
Total: 16

2 4 1 2
--------
2 1 4 3 | 2
4 2 3 1 | 3
1 3 2 4 | 1
3 4 1 2 | 2
Total: 17

2 3 1 2
--------
2 1 4 3 | 2
4 3 2 1 | 4
3 2 1 4 | 1
1 4 3 2 | 3
Total: 18

2 3 1 2
--------
2 1 4 3 | 2
4 3 2 1 | 4
3 4 1 2 | 2
1 2 3 4 | 1
Total: 17

2 3 1 2
--------
2 1 4 3 | 2
4 3 2 1 | 4
1 4 3 2 | 3
3 2 1 4 | 1
Total: 18

2 3 1 2
--------
2 1 4 3 | 2
4 3 2 1 | 4
1 2 3 4 | 1
3 4 1 2 | 2
Total: 17

2 3 1 2
--------
2 1 4 3 | 2
4 3 1 2 | 3
3 4 2 1 | 3
1 2 3 4 | 1
Total: 17

2 3 1 2
--------
2 1 4 3 | 2
4 3 1 2 | 3
1 2 3 4 | 1
3 4 2 1 | 3
Total: 17

3 3 1 2
--------
2 1 4 3 | 2
1 3 2 4 | 1
3 4 1 2 | 2
4 2 3 1 | 3
Total: 17

2 3 1 2
--------
2 1 4 3 | 2
1 3 2 4 | 1
4 2 3 1 | 3
3 4 1 2 | 2
Total: 16

3 2 1 2
--------
2 1 4 3 | 2
1 4 3 2 | 3
3 2 1 4 | 1
4 3 2 1 | 4
Total: 18

2 2 1 2
--------
2 1 4 3 | 2
1 4 3 2 | 3
4 3 2 1 | 4
3 2 1 4 | 1
Total: 17

3 3 1 2
--------
2 1 4 3 | 2
1 2 3 4 | 1
3 4 2 1 | 3
4 3 1 2 | 3
Total: 18

3 3 1 2
--------
2 1 4 3 | 2
1 2 3 4 | 1
3 4 1 2 | 2
4 3 2 1 | 4
Total: 18

2 4 1 2
--------
2 1 4 3 | 2
1 2 3 4 | 1
4 3 2 1 | 4
3 4 1 2 | 2
Total: 18

2 4 1 2
--------
2 1 4 3 | 2
1 2 3 4 | 1
4 3 1 2 | 3
3 4 2 1 | 3
Total: 18

3 4 2 1
--------
2 1 3 4 | 1
3 2 4 1 | 2
4 3 1 2 | 3
1 4 2 3 | 2
Total: 18

3 3 2 1
--------
2 1 3 4 | 1
3 2 4 1 | 2
1 4 2 3 | 2
4 3 1 2 | 3
Total: 17

3 2 2 1
--------
2 1 3 4 | 1
3 4 2 1 | 3
4 2 1 3 | 2
1 3 4 2 | 2
Total: 16

3 2 2 1
--------
2 1 3 4 | 1
3 4 2 1 | 3
4 3 1 2 | 3
1 2 4 3 | 2
Total: 17

3 2 2 1
--------
2 1 3 4 | 1
3 4 2 1 | 3
1 3 4 2 | 2
4 2 1 3 | 2
Total: 16

3 2 2 1
--------
2 1 3 4 | 1
3 4 2 1 | 3
1 2 4 3 | 2
4 3 1 2 | 3
Total: 17

3 2 2 1
--------
2 1 3 4 | 1
3 4 1 2 | 2
4 3 2 1 | 4
1 2 4 3 | 2
Total: 17

3 2 2 1
--------
2 1 3 4 | 1
3 4 1 2 | 2
1 2 4 3 | 2
4 3 2 1 | 4
Total: 17

2 3 2 1
--------
2 1 3 4 | 1
4 2 1 3 | 2
3 4 2 1 | 3
1 3 4 2 | 2
Total: 16

2 4 2 1
--------
2 1 3 4 | 1
4 2 1 3 | 2
1 3 4 2 | 2
3 4 2 1 | 3
Total: 17

2 3 2 1
--------
2 1 3 4 | 1
4 3 2 1 | 4
3 4 1 2 | 2
1 2 4 3 | 2
Total: 17

2 3 2 1
--------
2 1 3 4 | 1
4 3 2 1 | 4
1 2 4 3 | 2
3 4 1 2 | 2
Total: 17

2 3 2 1
--------
2 1 3 4 | 1
4 3 1 2 | 3
3 2 4 1 | 2
1 4 2 3 | 2
Total: 16

2 3 2 1
--------
2 1 3 4 | 1
4 3 1 2 | 3
3 4 2 1 | 3
1 2 4 3 | 2
Total: 17

2 3 2 1
--------
2 1 3 4 | 1
4 3 1 2 | 3
1 4 2 3 | 2
3 2 4 1 | 2
Total: 16

2 3 2 1
--------
2 1 3 4 | 1
4 3 1 2 | 3
1 2 4 3 | 2
3 4 2 1 | 3
Total: 17

3 3 2 1
--------
2 1 3 4 | 1
1 3 4 2 | 2
3 4 2 1 | 3
4 2 1 3 | 2
Total: 17

2 3 2 1
--------
2 1 3 4 | 1
1 3 4 2 | 2
4 2 1 3 | 2
3 4 2 1 | 3
Total: 16

3 2 2 1
--------
2 1 3 4 | 1
1 4 2 3 | 2
3 2 4 1 | 2
4 3 1 2 | 3
Total: 16

2 2 2 1
--------
2 1 3 4 | 1
1 4 2 3 | 2
4 3 1 2 | 3
3 2 4 1 | 2
Total: 15

3 3 2 1
--------
2 1 3 4 | 1
1 2 4 3 | 2
3 4 2 1 | 3
4 3 1 2 | 3
Total: 18

3 3 2 1
--------
2 1 3 4 | 1
1 2 4 3 | 2
3 4 1 2 | 2
4 3 2 1 | 4
Total: 18

2 4 2 1
--------
2 1 3 4 | 1
1 2 4 3 | 2
4 3 2 1 | 4
3 4 1 2 | 2
Total: 18

2 4 2 1
--------
2 1 3 4 | 1
1 2 4 3 | 2
4 3 1 2 | 3
3 4 2 1 | 3
Total: 18

3 2 2 1
--------
2 3 1 4 | 1
3 1 4 2 | 2
4 2 3 1 | 3
1 4 2 3 | 2
Total: 16

3 2 2 1
--------
2 3 1 4 | 1
3 1 4 2 | 2
1 4 2 3 | 2
4 2 3 1 | 3
Total: 16

3 2 2 1
--------
2 3 1 4 | 1
3 2 4 1 | 2
4 1 3 2 | 3
1 4 2 3 | 2
Total: 16

3 2 2 1
--------
2 3 1 4 | 1
3 2 4 1 | 2
4 1 2 3 | 2
1 4 3 2 | 3
Total: 16

3 2 2 1
--------
2 3 1 4 | 1
3 2 4 1 | 2
1 4 3 2 | 3
4 1 2 3 | 2
Total: 16

3 2 2 1
--------
2 3 1 4 | 1
3 2 4 1 | 2
1 4 2 3 | 2
4 1 3 2 | 3
Total: 16

3 2 4 1
--------
2 3 1 4 | 1
3 4 2 1 | 3
4 1 3 2 | 3
1 2 4 3 | 2
Total: 19

3 2 3 1
--------
2 3 1 4 | 1
3 4 2 1 | 3
1 2 4 3 | 2
4 1 3 2 | 3
Total: 18

2 2 3 1
--------
2 3 1 4 | 1
4 2 3 1 | 3
3 1 4 2 | 2
1 4 2 3 | 2
Total: 16

2 2 3 1
--------
2 3 1 4 | 1
4 2 3 1 | 3
1 4 2 3 | 2
3 1 4 2 | 2
Total: 16

2 2 3 1
--------
2 3 1 4 | 1
4 1 3 2 | 3
3 2 4 1 | 2
1 4 2 3 | 2
Total: 16

2 2 3 1
--------
2 3 1 4 | 1
4 1 3 2 | 3
3 4 2 1 | 3
1 2 4 3 | 2
Total: 17

2 2 3 1
--------
2 3 1 4 | 1
4 1 3 2 | 3
1 4 2 3 | 2
3 2 4 1 | 2
Total: 16

2 2 3 1
--------
2 3 1 4 | 1
4 1 3 2 | 3
1 2 4 3 | 2
3 4 2 1 | 3
Total: 17

2 2 3 1
--------
2 3 1 4 | 1
4 1 2 3 | 2
3 2 4 1 | 2
1 4 3 2 | 3
Total: 16

2 2 4 1
--------
2 3 1 4 | 1
4 1 2 3 | 2
1 4 3 2 | 3
3 2 4 1 | 2
Total: 17

3 2 3 1
--------
2 3 1 4 | 1
1 4 3 2 | 3
3 2 4 1 | 2
4 1 2 3 | 2
Total: 17

2 2 3 1
--------
2 3 1 4 | 1
1 4 3 2 | 3
4 1 2 3 | 2
3 2 4 1 | 2
Total: 16

3 2 3 1
--------
2 3 1 4 | 1
1 4 2 3 | 2
3 1 4 2 | 2
4 2 3 1 | 3
Total: 17

3 2 3 1
--------
2 3 1 4 | 1
1 4 2 3 | 2
3 2 4 1 | 2
4 1 3 2 | 3
Total: 17

2 2 4 1
--------
2 3 1 4 | 1
1 4 2 3 | 2
4 2 3 1 | 3
3 1 4 2 | 2
Total: 17

2 2 4 1
--------
2 3 1 4 | 1
1 4 2 3 | 2
4 1 3 2 | 3
3 2 4 1 | 2
Total: 17

3 2 2 1
--------
2 3 1 4 | 1
1 2 4 3 | 2
3 4 2 1 | 3
4 1 3 2 | 3
Total: 17

2 2 2 1
--------
2 3 1 4 | 1
1 2 4 3 | 2
4 1 3 2 | 3
3 4 2 1 | 3
Total: 16

3 2 1 2
--------
2 3 4 1 | 2
3 1 2 4 | 1
4 2 1 3 | 2
1 4 3 2 | 3
Total: 16

3 2 1 2
--------
2 3 4 1 | 2
3 1 2 4 | 1
1 4 3 2 | 3
4 2 1 3 | 2
Total: 16

3 2 1 2
--------
2 3 4 1 | 2
3 2 1 4 | 1
4 1 3 2 | 3
1 4 2 3 | 2
Total: 16

3 2 1 2
--------
2 3 4 1 | 2
3 2 1 4 | 1
4 1 2 3 | 2
1 4 3 2 | 3
Total: 16

3 2 1 2
--------
2 3 4 1 | 2
3 2 1 4 | 1
1 4 3 2 | 3
4 1 2 3 | 2
Total: 16

3 2 1 2
--------
2 3 4 1 | 2
3 2 1 4 | 1
1 4 2 3 | 2
4 1 3 2 | 3
Total: 16

3 2 1 4
--------
2 3 4 1 | 2
3 4 1 2 | 2
4 1 2 3 | 2
1 2 3 4 | 1
Total: 17

3 2 1 3
--------
2 3 4 1 | 2
3 4 1 2 | 2
1 2 3 4 | 1
4 1 2 3 | 2
Total: 16

2 2 1 3
--------
2 3 4 1 | 2
4 2 1 3 | 2
3 1 2 4 | 1
1 4 3 2 | 3
Total: 16

2 2 1 3
--------
2 3 4 1 | 2
4 2 1 3 | 2
1 4 3 2 | 3
3 1 2 4 | 1
Total: 16

2 2 1 3
--------
2 3 4 1 | 2
4 1 3 2 | 3
3 2 1 4 | 1
1 4 2 3 | 2
Total: 16

2 2 1 4
--------
2 3 4 1 | 2
4 1 3 2 | 3
1 4 2 3 | 2
3 2 1 4 | 1
Total: 17

2 2 1 3
--------
2 3 4 1 | 2
4 1 2 3 | 2
3 2 1 4 | 1
1 4 3 2 | 3
Total: 16

2 2 1 3
--------
2 3 4 1 | 2
4 1 2 3 | 2
3 4 1 2 | 2
1 2 3 4 | 1
Total: 15

2 2 1 3
--------
2 3 4 1 | 2
4 1 2 3 | 2
1 4 3 2 | 3
3 2 1 4 | 1
Total: 16

2 2 1 3
--------
2 3 4 1 | 2
4 1 2 3 | 2
1 2 3 4 | 1
3 4 1 2 | 2
Total: 15

3 2 1 3
--------
2 3 4 1 | 2
1 4 3 2 | 3
3 1 2 4 | 1
4 2 1 3 | 2
Total: 17

3 2 1 3
--------
2 3 4 1 | 2
1 4 3 2 | 3
3 2 1 4 | 1
4 1 2 3 | 2
Total: 17

2 2 1 4
--------
2 3 4 1 | 2
1 4 3 2 | 3
4 2 1 3 | 2
3 1 2 4 | 1
Total: 17

2 2 1 4
--------
2 3 4 1 | 2
1 4 3 2 | 3
4 1 2 3 | 2
3 2 1 4 | 1
Total: 17

3 2 1 3
--------
2 3 4 1 | 2
1 4 2 3 | 2
3 2 1 4 | 1
4 1 3 2 | 3
Total: 17

2 2 1 3
--------
2 3 4 1 | 2
1 4 2 3 | 2
4 1 3 2 | 3
3 2 1 4 | 1
Total: 16

3 2 1 2
--------
2 3 4 1 | 2
1 2 3 4 | 1
3 4 1 2 | 2
4 1 2 3 | 2
Total: 15

2 2 1 2
--------
2 3 4 1 | 2
1 2 3 4 | 1
4 1 2 3 | 2
3 4 1 2 | 2
Total: 14

2 2 1 3
--------
3 1 4 2 | 2
2 4 3 1 | 3
4 2 1 3 | 2
1 3 2 4 | 1
Total: 16

2 2 1 2
--------
3 1 4 2 | 2
2 4 3 1 | 3
1 3 2 4 | 1
4 2 1 3 | 2
Total: 15

2 2 1 3
--------
3 1 4 2 | 2
2 4 1 3 | 2
4 2 3 1 | 3
1 3 2 4 | 1
Total: 16

2 2 1 3
--------
3 1 4 2 | 2
2 4 1 3 | 2
4 3 2 1 | 4
1 2 3 4 | 1
Total: 17

2 2 1 3
--------
3 1 4 2 | 2
2 4 1 3 | 2
1 3 2 4 | 1
4 2 3 1 | 3
Total: 16

2 2 1 3
--------
3 1 4 2 | 2
2 4 1 3 | 2
1 2 3 4 | 1
4 3 2 1 | 4
Total: 17

2 3 1 2
--------
3 1 4 2 | 2
2 3 1 4 | 1
4 2 3 1 | 3
1 4 2 3 | 2
Total: 16

2 3 1 2
--------
3 1 4 2 | 2
2 3 1 4 | 1
1 4 2 3 | 2
4 2 3 1 | 3
Total: 16

2 3 1 3
--------
3 1 4 2 | 2
4 2 1 3 | 2
2 4 3 1 | 3
1 3 2 4 | 1
Total: 17

2 4 1 3
--------
3 1 4 2 | 2
4 2 1 3 | 2
1 3 2 4 | 1
2 4 3 1 | 3
Total: 18

2 3 1 3
--------
3 1 4 2 | 2
4 2 3 1 | 3
2 4 1 3 | 2
1 3 2 4 | 1
Total: 17

2 4 1 2
--------
3 1 4 2 | 2
4 2 3 1 | 3
2 3 1 4 | 1
1 4 2 3 | 2
Total: 17

2 4 1 2
--------
3 1 4 2 | 2
4 2 3 1 | 3
1 3 2 4 | 1
2 4 1 3 | 2
Total: 17

2 3 1 3
--------
3 1 4 2 | 2
4 2 3 1 | 3
1 4 2 3 | 2
2 3 1 4 | 1
Total: 17

2 3 1 3
--------
3 1 4 2 | 2
4 3 2 1 | 4
2 4 1 3 | 2
1 2 3 4 | 1
Total: 18

2 3 1 2
--------
3 1 4 2 | 2
4 3 2 1 | 4
1 2 3 4 | 1
2 4 1 3 | 2
Total: 17

2 3 1 2
--------
3 1 4 2 | 2
1 3 2 4 | 1
2 4 3 1 | 3
4 2 1 3 | 2
Total: 16

2 3 1 2
--------
3 1 4 2 | 2
1 3 2 4 | 1
2 4 1 3 | 2
4 2 3 1 | 3
Total: 16

2 3 1 2
--------
3 1 4 2 | 2
1 3 2 4 | 1
4 2 1 3 | 2
2 4 3 1 | 3
Total: 16

2 3 1 2
--------
3 1 4 2 | 2
1 3 2 4 | 1
4 2 3 1 | 3
2 4 1 3 | 2
Total: 16

2 2 1 3
--------
3 1 4 2 | 2
1 4 2 3 | 2
2 3 1 4 | 1
4 2 3 1 | 3
Total: 16

2 2 1 3
--------
3 1 4 2 | 2
1 4 2 3 | 2
4 2 3 1 | 3
2 3 1 4 | 1
Total: 16

2 3 1 2
--------
3 1 4 2 | 2
1 2 3 4 | 1
2 4 1 3 | 2
4 3 2 1 | 4
Total: 17

2 4 1 2
--------
3 1 4 2 | 2
1 2 3 4 | 1
4 3 2 1 | 4
2 4 1 3 | 2
Total: 18

2 2 3 1
--------
3 1 2 4 | 1
2 4 3 1 | 3
4 2 1 3 | 2
1 3 4 2 | 2
Total: 16

2 2 3 1
--------
3 1 2 4 | 1
2 4 3 1 | 3
4 3 1 2 | 3
1 2 4 3 | 2
Total: 17

2 2 3 1
--------
3 1 2 4 | 1
2 4 3 1 | 3
1 3 4 2 | 2
4 2 1 3 | 2
Total: 16

2 2 3 1
--------
3 1 2 4 | 1
2 4 3 1 | 3
1 2 4 3 | 2
4 3 1 2 | 3
Total: 17

2 2 3 1
--------
3 1 2 4 | 1
2 4 1 3 | 2
4 2 3 1 | 3
1 3 4 2 | 2
Total: 16

2 2 2 1
--------
3 1 2 4 | 1
2 4 1 3 | 2
1 3 4 2 | 2
4 2 3 1 | 3
Total: 15

2 3 2 1
--------
3 1 2 4 | 1
2 3 4 1 | 2
4 2 1 3 | 2
1 4 3 2 | 3
Total: 16

2 3 2 1
--------
3 1 2 4 | 1
2 3 4 1 | 2
1 4 3 2 | 3
4 2 1 3 | 2
Total: 16

2 3 3 1
--------
3 1 2 4 | 1
4 2 1 3 | 2
2 4 3 1 | 3
1 3 4 2 | 2
Total: 17

2 4 2 1
--------
3 1 2 4 | 1
4 2 1 3 | 2
2 3 4 1 | 2
1 4 3 2 | 3
Total: 17

2 4 2 1
--------
3 1 2 4 | 1
4 2 1 3 | 2
1 3 4 2 | 2
2 4 3 1 | 3
Total: 17

2 3 3 1
--------
3 1 2 4 | 1
4 2 1 3 | 2
1 4 3 2 | 3
2 3 4 1 | 2
Total: 17

2 3 3 1
--------
3 1 2 4 | 1
4 2 3 1 | 3
2 4 1 3 | 2
1 3 4 2 | 2
Total: 17

2 4 3 1
--------
3 1 2 4 | 1
4 2 3 1 | 3
1 3 4 2 | 2
2 4 1 3 | 2
Total: 18

2 3 3 1
--------
3 1 2 4 | 1
4 3 1 2 | 3
2 4 3 1 | 3
1 2 4 3 | 2
Total: 18

2 3 2 1
--------
3 1 2 4 | 1
4 3 1 2 | 3
1 2 4 3 | 2
2 4 3 1 | 3
Total: 17

2 3 2 1
--------
3 1 2 4 | 1
1 3 4 2 | 2
2 4 3 1 | 3
4 2 1 3 | 2
Total: 16

2 3 2 1
--------
3 1 2 4 | 1
1 3 4 2 | 2
2 4 1 3 | 2
4 2 3 1 | 3
Total: 16

2 3 2 1
--------
3 1 2 4 | 1
1 3 4 2 | 2
4 2 1 3 | 2
2 4 3 1 | 3
Total: 16

2 3 2 1
--------
3 1 2 4 | 1
1 3 4 2 | 2
4 2 3 1 | 3
2 4 1 3 | 2
Total: 16

2 2 3 1
--------
3 1 2 4 | 1
1 4 3 2 | 3
2 3 4 1 | 2
4 2 1 3 | 2
Total: 16

2 2 3 1
--------
3 1 2 4 | 1
1 4 3 2 | 3
4 2 1 3 | 2
2 3 4 1 | 2
Total: 16

2 3 2 1
--------
3 1 2 4 | 1
1 2 4 3 | 2
2 4 3 1 | 3
4 3 1 2 | 3
Total: 17

2 4 2 1
--------
3 1 2 4 | 1
1 2 4 3 | 2
4 3 1 2 | 3
2 4 3 1 | 3
Total: 18

2 2 3 1
--------
3 2 1 4 | 1
2 4 3 1 | 3
4 1 2 3 | 2
1 3 4 2 | 2
Total: 16

2 2 3 1
--------
3 2 1 4 | 1
2 4 3 1 | 3
1 3 4 2 | 2
4 1 2 3 | 2
Total: 16

2 3 2 1
--------
3 2 1 4 | 1
2 1 4 3 | 2
4 3 2 1 | 4
1 4 3 2 | 3
Total: 18

2 2 2 1
--------
3 2 1 4 | 1
2 1 4 3 | 2
1 4 3 2 | 3
4 3 2 1 | 4
Total: 17

2 3 2 1
--------
3 2 1 4 | 1
2 3 4 1 | 2
4 1 3 2 | 3
1 4 2 3 | 2
Total: 16

2 3 2 1
--------
3 2 1 4 | 1
2 3 4 1 | 2
4 1 2 3 | 2
1 4 3 2 | 3
Total: 16

2 3 2 1
--------
3 2 1 4 | 1
2 3 4 1 | 2
1 4 3 2 | 3
4 1 2 3 | 2
Total: 16

2 3 2 1
--------
3 2 1 4 | 1
2 3 4 1 | 2
1 4 2 3 | 2
4 1 3 2 | 3
Total: 16

2 3 3 1
--------
3 2 1 4 | 1
4 3 2 1 | 4
2 1 4 3 | 2
1 4 3 2 | 3
Total: 19

2 3 4 1
--------
3 2 1 4 | 1
4 3 2 1 | 4
1 4 3 2 | 3
2 1 4 3 | 2
Total: 20

2 3 3 1
--------
3 2 1 4 | 1
4 1 3 2 | 3
2 3 4 1 | 2
1 4 2 3 | 2
Total: 17

2 2 3 1
--------
3 2 1 4 | 1
4 1 3 2 | 3
1 4 2 3 | 2
2 3 4 1 | 2
Total: 16

2 2 4 1
--------
3 2 1 4 | 1
4 1 2 3 | 2
2 4 3 1 | 3
1 3 4 2 | 2
Total: 17

2 3 3 1
--------
3 2 1 4 | 1
4 1 2 3 | 2
2 3 4 1 | 2
1 4 3 2 | 3
Total: 17

2 3 3 1
--------
3 2 1 4 | 1
4 1 2 3 | 2
1 3 4 2 | 2
2 4 3 1 | 3
Total: 17

2 2 4 1
--------
3 2 1 4 | 1
4 1 2 3 | 2
1 4 3 2 | 3
2 3 4 1 | 2
Total: 17

2 3 2 1
--------
3 2 1 4 | 1
1 3 4 2 | 2
2 4 3 1 | 3
4 1 2 3 | 2
Total: 16

2 3 2 1
--------
3 2 1 4 | 1
1 3 4 2 | 2
4 1 2 3 | 2
2 4 3 1 | 3
Total: 16

2 2 3 1
--------
3 2 1 4 | 1
1 4 3 2 | 3
2 1 4 3 | 2
4 3 2 1 | 4
Total: 18

2 2 3 1
--------
3 2 1 4 | 1
1 4 3 2 | 3
2 3 4 1 | 2
4 1 2 3 | 2
Total: 16

2 2 3 1
--------
3 2 1 4 | 1
1 4 3 2 | 3
4 3 2 1 | 4
2 1 4 3 | 2
Total: 18

2 2 3 1
--------
3 2 1 4 | 1
1 4 3 2 | 3
4 1 2 3 | 2
2 3 4 1 | 2
Total: 16

2 2 3 1
--------
3 2 1 4 | 1
1 4 2 3 | 2
2 3 4 1 | 2
4 1 3 2 | 3
Total: 16

2 2 4 1
--------
3 2 1 4 | 1
1 4 2 3 | 2
4 1 3 2 | 3
2 3 4 1 | 2
Total: 17

2 2 1 3
--------
3 2 4 1 | 2
2 4 1 3 | 2
4 1 3 2 | 3
1 3 2 4 | 1
Total: 16

2 2 1 3
--------
3 2 4 1 | 2
2 4 1 3 | 2
1 3 2 4 | 1
4 1 3 2 | 3
Total: 16

2 3 1 2
--------
3 2 4 1 | 2
2 1 3 4 | 1
4 3 1 2 | 3
1 4 2 3 | 2
Total: 16

2 2 1 2
--------
3 2 4 1 | 2
2 1 3 4 | 1
1 4 2 3 | 2
4 3 1 2 | 3
Total: 15

2 3 1 2
--------
3 2 4 1 | 2
2 3 1 4 | 1
4 1 3 2 | 3
1 4 2 3 | 2
Total: 16

2 3 1 2
--------
3 2 4 1 | 2
2 3 1 4 | 1
4 1 2 3 | 2
1 4 3 2 | 3
Total: 16

2 3 1 2
--------
3 2 4 1 | 2
2 3 1 4 | 1
1 4 3 2 | 3
4 1 2 3 | 2
Total: 16

2 3 1 2
--------
3 2 4 1 | 2
2 3 1 4 | 1
1 4 2 3 | 2
4 1 3 2 | 3
Total: 16

2 3 1 3
--------
3 2 4 1 | 2
4 3 1 2 | 3
2 1 3 4 | 1
1 4 2 3 | 2
Total: 17

2 3 1 4
--------
3 2 4 1 | 2
4 3 1 2 | 3
1 4 2 3 | 2
2 1 3 4 | 1
Total: 18

2 2 1 4
--------
3 2 4 1 | 2
4 1 3 2 | 3
2 4 1 3 | 2
1 3 2 4 | 1
Total: 17

2 3 1 3
--------
3 2 4 1 | 2
4 1 3 2 | 3
2 3 1 4 | 1
1 4 2 3 | 2
Total: 17

2 3 1 3
--------
3 2 4 1 | 2
4 1 3 2 | 3
1 3 2 4 | 1
2 4 1 3 | 2
Total: 17

2 2 1 4
--------
3 2 4 1 | 2
4 1 3 2 | 3
1 4 2 3 | 2
2 3 1 4 | 1
Total: 17

2 3 1 3
--------
3 2 4 1 | 2
4 1 2 3 | 2
2 3 1 4 | 1
1 4 3 2 | 3
Total: 17

2 2 1 3
--------
3 2 4 1 | 2
4 1 2 3 | 2
1 4 3 2 | 3
2 3 1 4 | 1
Total: 16

2 3 1 2
--------
3 2 4 1 | 2
1 3 2 4 | 1
2 4 1 3 | 2
4 1 3 2 | 3
Total: 16

2 3 1 2
--------
3 2 4 1 | 2
1 3 2 4 | 1
4 1 3 2 | 3
2 4 1 3 | 2
Total: 16

2 2 1 3
--------
3 2 4 1 | 2
1 4 3 2 | 3
2 3 1 4 | 1
4 1 2 3 | 2
Total: 16

2 2 1 4
--------
3 2 4 1 | 2
1 4 3 2 | 3
4 1 2 3 | 2
2 3 1 4 | 1
Total: 17

2 2 1 3
--------
3 2 4 1 | 2
1 4 2 3 | 2
2 1 3 4 | 1
4 3 1 2 | 3
Total: 16

2 2 1 3
--------
3 2 4 1 | 2
1 4 2 3 | 2
2 3 1 4 | 1
4 1 3 2 | 3
Total: 16

2 2 1 3
--------
3 2 4 1 | 2
1 4 2 3 | 2
4 3 1 2 | 3
2 1 3 4 | 1
Total: 16

2 2 1 3
--------
3 2 4 1 | 2
1 4 2 3 | 2
4 1 3 2 | 3
2 3 1 4 | 1
Total: 16

2 1 2 3
--------
3 4 2 1 | 3
2 1 4 3 | 2
4 3 1 2 | 3
1 2 3 4 | 1
Total: 17

2 1 2 3
--------
3 4 2 1 | 3
2 1 4 3 | 2
1 2 3 4 | 1
4 3 1 2 | 3
Total: 17

2 1 3 2
--------
3 4 2 1 | 3
2 1 3 4 | 1
4 2 1 3 | 2
1 3 4 2 | 2
Total: 16

2 1 3 2
--------
3 4 2 1 | 3
2 1 3 4 | 1
4 3 1 2 | 3
1 2 4 3 | 2
Total: 17

2 1 3 2
--------
3 4 2 1 | 3
2 1 3 4 | 1
1 3 4 2 | 2
4 2 1 3 | 2
Total: 16

2 1 3 2
--------
3 4 2 1 | 3
2 1 3 4 | 1
1 2 4 3 | 2
4 3 1 2 | 3
Total: 17

2 1 3 2
--------
3 4 2 1 | 3
2 3 1 4 | 1
4 1 3 2 | 3
1 2 4 3 | 2
Total: 17

2 1 2 2
--------
3 4 2 1 | 3
2 3 1 4 | 1
1 2 4 3 | 2
4 1 3 2 | 3
Total: 16

2 1 3 3
--------
3 4 2 1 | 3
4 2 1 3 | 2
2 1 3 4 | 1
1 3 4 2 | 2
Total: 17

2 1 2 3
--------
3 4 2 1 | 3
4 2 1 3 | 2
1 3 4 2 | 2
2 1 3 4 | 1
Total: 16

2 1 2 4
--------
3 4 2 1 | 3
4 3 1 2 | 3
2 1 4 3 | 2
1 2 3 4 | 1
Total: 18

2 1 3 3
--------
3 4 2 1 | 3
4 3 1 2 | 3
2 1 3 4 | 1
1 2 4 3 | 2
Total: 18

2 1 2 4
--------
3 4 2 1 | 3
4 3 1 2 | 3
1 2 4 3 | 2
2 1 3 4 | 1
Total: 18

2 1 3 3
--------
3 4 2 1 | 3
4 3 1 2 | 3
1 2 3 4 | 1
2 1 4 3 | 2
Total: 18

2 1 3 3
--------
3 4 2 1 | 3
4 1 3 2 | 3
2 3 1 4 | 1
1 2 4 3 | 2
Total: 18

2 1 3 4
--------
3 4 2 1 | 3
4 1 3 2 | 3
1 2 4 3 | 2
2 3 1 4 | 1
Total: 19

2 1 2 3
--------
3 4 2 1 | 3
1 3 4 2 | 2
2 1 3 4 | 1
4 2 1 3 | 2
Total: 16

2 1 2 4
--------
3 4 2 1 | 3
1 3 4 2 | 2
4 2 1 3 | 2
2 1 3 4 | 1
Total: 17

2 1 2 3
--------
3 4 2 1 | 3
1 2 4 3 | 2
2 1 3 4 | 1
4 3 1 2 | 3
Total: 17

2 1 2 3
--------
3 4 2 1 | 3
1 2 4 3 | 2
2 3 1 4 | 1
4 1 3 2 | 3
Total: 17

2 1 2 3
--------
3 4 2 1 | 3
1 2 4 3 | 2
4 3 1 2 | 3
2 1 3 4 | 1
Total: 17

2 1 2 3
--------
3 4 2 1 | 3
1 2 4 3 | 2
4 1 3 2 | 3
2 3 1 4 | 1
Total: 17

2 1 3 2
--------
3 4 2 1 | 3
1 2 3 4 | 1
2 1 4 3 | 2
4 3 1 2 | 3
Total: 17

2 1 3 2
--------
3 4 2 1 | 3
1 2 3 4 | 1
4 3 1 2 | 3
2 1 4 3 | 2
Total: 17

2 1 2 3
--------
3 4 1 2 | 2
2 1 4 3 | 2
4 2 3 1 | 3
1 3 2 4 | 1
Total: 16

2 1 2 3
--------
3 4 1 2 | 2
2 1 4 3 | 2
4 3 2 1 | 4
1 2 3 4 | 1
Total: 17

2 1 2 3
--------
3 4 1 2 | 2
2 1 4 3 | 2
1 3 2 4 | 1
4 2 3 1 | 3
Total: 16

2 1 2 3
--------
3 4 1 2 | 2
2 1 4 3 | 2
1 2 3 4 | 1
4 3 2 1 | 4
Total: 17

2 1 3 2
--------
3 4 1 2 | 2
2 1 3 4 | 1
4 3 2 1 | 4
1 2 4 3 | 2
Total: 17

2 1 3 2
--------
3 4 1 2 | 2
2 1 3 4 | 1
1 2 4 3 | 2
4 3 2 1 | 4
Total: 17

2 1 2 3
--------
3 4 1 2 | 2
2 3 4 1 | 2
4 1 2 3 | 2
1 2 3 4 | 1
Total: 15

2 1 2 2
--------
3 4 1 2 | 2
2 3 4 1 | 2
1 2 3 4 | 1
4 1 2 3 | 2
Total: 14

2 1 3 3
--------
3 4 1 2 | 2
4 2 3 1 | 3
2 1 4 3 | 2
1 3 2 4 | 1
Total: 17

2 1 3 2
--------
3 4 1 2 | 2
4 2 3 1 | 3
1 3 2 4 | 1
2 1 4 3 | 2
Total: 16

2 1 3 3
--------
3 4 1 2 | 2
4 3 2 1 | 4
2 1 4 3 | 2
1 2 3 4 | 1
Total: 18

2 1 4 2
--------
3 4 1 2 | 2
4 3 2 1 | 4
2 1 3 4 | 1
1 2 4 3 | 2
Total: 18

2 1 3 3
--------
3 4 1 2 | 2
4 3 2 1 | 4
1 2 4 3 | 2
2 1 3 4 | 1
Total: 18

2 1 4 2
--------
3 4 1 2 | 2
4 3 2 1 | 4
1 2 3 4 | 1
2 1 4 3 | 2
Total: 18

2 1 3 3
--------
3 4 1 2 | 2
4 1 2 3 | 2
2 3 4 1 | 2
1 2 3 4 | 1
Total: 16

2 1 4 3
--------
3 4 1 2 | 2
4 1 2 3 | 2
1 2 3 4 | 1
2 3 4 1 | 2
Total: 17

2 1 3 2
--------
3 4 1 2 | 2
1 3 2 4 | 1
2 1 4 3 | 2
4 2 3 1 | 3
Total: 16

2 1 4 2
--------
3 4 1 2 | 2
1 3 2 4 | 1
4 2 3 1 | 3
2 1 4 3 | 2
Total: 17

2 1 2 3
--------
3 4 1 2 | 2
1 2 4 3 | 2
2 1 3 4 | 1
4 3 2 1 | 4
Total: 17

2 1 2 3
--------
3 4 1 2 | 2
1 2 4 3 | 2
4 3 2 1 | 4
2 1 3 4 | 1
Total: 17

2 1 3 2
--------
3 4 1 2 | 2
1 2 3 4 | 1
2 1 4 3 | 2
4 3 2 1 | 4
Total: 17

2 1 3 2
--------
3 4 1 2 | 2
1 2 3 4 | 1
2 3 4 1 | 2
4 1 2 3 | 2
Total: 15

2 1 3 2
--------
3 4 1 2 | 2
1 2 3 4 | 1
4 3 2 1 | 4
2 1 4 3 | 2
Total: 17

2 1 3 2
--------
3 4 1 2 | 2
1 2 3 4 | 1
4 1 2 3 | 2
2 3 4 1 | 2
Total: 15

1 2 3 2
--------
4 2 1 3 | 2
2 4 3 1 | 3
3 1 4 2 | 2
1 3 2 4 | 1
Total: 16

1 2 3 2
--------
4 2 1 3 | 2
2 4 3 1 | 3
3 1 2 4 | 1
1 3 4 2 | 2
Total: 16

1 2 3 2
--------
4 2 1 3 | 2
2 4 3 1 | 3
1 3 2 4 | 1
3 1 4 2 | 2
Total: 16

1 2 3 2
--------
4 2 1 3 | 2
2 4 3 1 | 3
1 3 4 2 | 2
3 1 2 4 | 1
Total: 16

1 2 3 2
--------
4 2 1 3 | 2
2 1 3 4 | 1
3 4 2 1 | 3
1 3 4 2 | 2
Total: 16

1 3 3 2
--------
4 2 1 3 | 2
2 1 3 4 | 1
1 3 4 2 | 2
3 4 2 1 | 3
Total: 17

1 3 2 2
--------
4 2 1 3 | 2
2 3 4 1 | 2
3 1 2 4 | 1
1 4 3 2 | 3
Total: 16

1 3 2 2
--------
4 2 1 3 | 2
2 3 4 1 | 2
1 4 3 2 | 3
3 1 2 4 | 1
Total: 16

1 2 2 2
--------
4 2 1 3 | 2
3 1 4 2 | 2
2 4 3 1 | 3
1 3 2 4 | 1
Total: 15

1 3 2 2
--------
4 2 1 3 | 2
3 1 4 2 | 2
1 3 2 4 | 1
2 4 3 1 | 3
Total: 16

1 2 4 2
--------
4 2 1 3 | 2
3 1 2 4 | 1
2 4 3 1 | 3
1 3 4 2 | 2
Total: 17

1 3 3 2
--------
4 2 1 3 | 2
3 1 2 4 | 1
2 3 4 1 | 2
1 4 3 2 | 3
Total: 17

1 3 3 2
--------
4 2 1 3 | 2
3 1 2 4 | 1
1 3 4 2 | 2
2 4 3 1 | 3
Total: 17

1 2 4 2
--------
4 2 1 3 | 2
3 1 2 4 | 1
1 4 3 2 | 3
2 3 4 1 | 2
Total: 17

1 2 4 2
--------
4 2 1 3 | 2
3 4 2 1 | 3
2 1 3 4 | 1
1 3 4 2 | 2
Total: 17

1 2 3 2
--------
4 2 1 3 | 2
3 4 2 1 | 3
1 3 4 2 | 2
2 1 3 4 | 1
Total: 16

1 3 4 2
--------
4 2 1 3 | 2
1 3 2 4 | 1
2 4 3 1 | 3
3 1 4 2 | 2
Total: 18

1 3 3 2
--------
4 2 1 3 | 2
1 3 2 4 | 1
3 1 4 2 | 2
2 4 3 1 | 3
Total: 17

1 3 2 2
--------
4 2 1 3 | 2
1 3 4 2 | 2
2 4 3 1 | 3
3 1 2 4 | 1
Total: 16

1 3 2 2
--------
4 2 1 3 | 2
1 3 4 2 | 2
2 1 3 4 | 1
3 4 2 1 | 3
Total: 16

1 3 2 2
--------
4 2 1 3 | 2
1 3 4 2 | 2
3 1 2 4 | 1
2 4 3 1 | 3
Total: 16

1 3 2 2
--------
4 2 1 3 | 2
1 3 4 2 | 2
3 4 2 1 | 3
2 1 3 4 | 1
Total: 16

1 2 3 2
--------
4 2 1 3 | 2
1 4 3 2 | 3
2 3 4 1 | 2
3 1 2 4 | 1
Total: 16

1 2 3 2
--------
4 2 1 3 | 2
1 4 3 2 | 3
3 1 2 4 | 1
2 3 4 1 | 2
Total: 16

1 2 2 3
--------
4 2 3 1 | 3
2 4 1 3 | 2
3 1 4 2 | 2
1 3 2 4 | 1
Total: 16

1 2 2 3
--------
4 2 3 1 | 3
2 4 1 3 | 2
3 1 2 4 | 1
1 3 4 2 | 2
Total: 16

1 2 2 3
--------
4 2 3 1 | 3
2 4 1 3 | 2
1 3 2 4 | 1
3 1 4 2 | 2
Total: 16

1 2 2 3
--------
4 2 3 1 | 3
2 4 1 3 | 2
1 3 4 2 | 2
3 1 2 4 | 1
Total: 16

1 2 2 3
--------
4 2 3 1 | 3
2 1 4 3 | 2
3 4 1 2 | 2
1 3 2 4 | 1
Total: 16

1 3 2 3
--------
4 2 3 1 | 3
2 1 4 3 | 2
1 3 2 4 | 1
3 4 1 2 | 2
Total: 17

1 3 2 2
--------
4 2 3 1 | 3
2 3 1 4 | 1
3 1 4 2 | 2
1 4 2 3 | 2
Total: 16

1 3 2 2
--------
4 2 3 1 | 3
2 3 1 4 | 1
1 4 2 3 | 2
3 1 4 2 | 2
Total: 16

1 2 2 4
--------
4 2 3 1 | 3
3 1 4 2 | 2
2 4 1 3 | 2
1 3 2 4 | 1
Total: 17

1 3 2 3
--------
4 2 3 1 | 3
3 1 4 2 | 2
2 3 1 4 | 1
1 4 2 3 | 2
Total: 17

1 3 2 3
--------
4 2 3 1 | 3
3 1 4 2 | 2
1 3 2 4 | 1
2 4 1 3 | 2
Total: 17

1 2 2 4
--------
4 2 3 1 | 3
3 1 4 2 | 2
1 4 2 3 | 2
2 3 1 4 | 1
Total: 17

1 2 2 2
--------
4 2 3 1 | 3
3 1 2 4 | 1
2 4 1 3 | 2
1 3 4 2 | 2
Total: 15

1 3 2 2
--------
4 2 3 1 | 3
3 1 2 4 | 1
1 3 4 2 | 2
2 4 1 3 | 2
Total: 16

1 2 2 4
--------
4 2 3 1 | 3
3 4 1 2 | 2
2 1 4 3 | 2
1 3 2 4 | 1
Total: 17

1 2 2 3
--------
4 2 3 1 | 3
3 4 1 2 | 2
1 3 2 4 | 1
2 1 4 3 | 2
Total: 16

1 3 2 2
--------
4 2 3 1 | 3
1 3 2 4 | 1
2 4 1 3 | 2
3 1 4 2 | 2
Total: 16

1 3 2 2
--------
4 2 3 1 | 3
1 3 2 4 | 1
2 1 4 3 | 2
3 4 1 2 | 2
Total: 16

1 3 2 2
--------
4 2 3 1 | 3
1 3 2 4 | 1
3 1 4 2 | 2
2 4 1 3 | 2
Total: 16

1 3 2 2
--------
4 2 3 1 | 3
1 3 2 4 | 1
3 4 1 2 | 2
2 1 4 3 | 2
Total: 16

1 3 2 4
--------
4 2 3 1 | 3
1 3 4 2 | 2
2 4 1 3 | 2
3 1 2 4 | 1
Total: 18

1 3 2 3
--------
4 2 3 1 | 3
1 3 4 2 | 2
3 1 2 4 | 1
2 4 1 3 | 2
Total: 17

1 2 2 3
--------
4 2 3 1 | 3
1 4 2 3 | 2
2 3 1 4 | 1
3 1 4 2 | 2
Total: 16

1 2 2 3
--------
4 2 3 1 | 3
1 4 2 3 | 2
3 1 4 2 | 2
2 3 1 4 | 1
Total: 16

1 2 2 3
--------
4 3 2 1 | 4
2 4 1 3 | 2
3 1 4 2 | 2
1 2 3 4 | 1
Total: 17

1 2 3 3
--------
4 3 2 1 | 4
2 4 1 3 | 2
1 2 3 4 | 1
3 1 4 2 | 2
Total: 18

1 2 2 3
--------
4 3 2 1 | 4
2 1 4 3 | 2
3 2 1 4 | 1
1 4 3 2 | 3
Total: 18

1 2 2 3
--------
4 3 2 1 | 4
2 1 4 3 | 2
3 4 1 2 | 2
1 2 3 4 | 1
Total: 17

1 2 2 3
--------
4 3 2 1 | 4
2 1 4 3 | 2
1 4 3 2 | 3
3 2 1 4 | 1
Total: 18

1 2 2 3
--------
4 3 2 1 | 4
2 1 4 3 | 2
1 2 3 4 | 1
3 4 1 2 | 2
Total: 17

1 2 3 2
--------
4 3 2 1 | 4
2 1 3 4 | 1
3 4 1 2 | 2
1 2 4 3 | 2
Total: 17

1 2 3 2
--------
4 3 2 1 | 4
2 1 3 4 | 1
1 2 4 3 | 2
3 4 1 2 | 2
Total: 17

1 2 2 4
--------
4 3 2 1 | 4
3 1 4 2 | 2
2 4 1 3 | 2
1 2 3 4 | 1
Total: 18

1 2 2 3
--------
4 3 2 1 | 4
3 1 4 2 | 2
1 2 3 4 | 1
2 4 1 3 | 2
Total: 17

1 2 2 2
--------
4 3 2 1 | 4
3 2 1 4 | 1
2 1 4 3 | 2
1 4 3 2 | 3
Total: 17

1 2 3 2
--------
4 3 2 1 | 4
3 2 1 4 | 1
1 4 3 2 | 3
2 1 4 3 | 2
Total: 18

1 2 2 4
--------
4 3 2 1 | 4
3 4 1 2 | 2
2 1 4 3 | 2
1 2 3 4 | 1
Total: 18

1 2 3 3
--------
4 3 2 1 | 4
3 4 1 2 | 2
2 1 3 4 | 1
1 2 4 3 | 2
Total: 18

1 2 2 4
--------
4 3 2 1 | 4
3 4 1 2 | 2
1 2 4 3 | 2
2 1 3 4 | 1
Total: 18

1 2 3 3
--------
4 3 2 1 | 4
3 4 1 2 | 2
1 2 3 4 | 1
2 1 4 3 | 2
Total: 18

1 2 3 4
--------
4 3 2 1 | 4
1 4 3 2 | 3
2 1 4 3 | 2
3 2 1 4 | 1
Total: 20

1 2 3 3
--------
4 3 2 1 | 4
1 4 3 2 | 3
3 2 1 4 | 1
2 1 4 3 | 2
Total: 19

1 2 2 3
--------
4 3 2 1 | 4
1 2 4 3 | 2
2 1 3 4 | 1
3 4 1 2 | 2
Total: 17

1 2 2 3
--------
4 3 2 1 | 4
1 2 4 3 | 2
3 4 1 2 | 2
2 1 3 4 | 1
Total: 17

1 2 3 2
--------
4 3 2 1 | 4
1 2 3 4 | 1
2 4 1 3 | 2
3 1 4 2 | 2
Total: 17

1 2 3 2
--------
4 3 2 1 | 4
1 2 3 4 | 1
2 1 4 3 | 2
3 4 1 2 | 2
Total: 17

1 2 3 2
--------
4 3 2 1 | 4
1 2 3 4 | 1
3 1 4 2 | 2
2 4 1 3 | 2
Total: 17

1 2 3 2
--------
4 3 2 1 | 4
1 2 3 4 | 1
3 4 1 2 | 2
2 1 4 3 | 2
Total: 17

1 2 3 2
--------
4 3 1 2 | 3
2 4 3 1 | 3
3 1 2 4 | 1
1 2 4 3 | 2
Total: 17

1 2 3 3
--------
4 3 1 2 | 3
2 4 3 1 | 3
1 2 4 3 | 2
3 1 2 4 | 1
Total: 18

1 2 2 3
--------
4 3 1 2 | 3
2 1 4 3 | 2
3 4 2 1 | 3
1 2 3 4 | 1
Total: 17

1 2 2 3
--------
4 3 1 2 | 3
2 1 4 3 | 2
1 2 3 4 | 1
3 4 2 1 | 3
Total: 17

1 2 3 2
--------
4 3 1 2 | 3
2 1 3 4 | 1
3 2 4 1 | 2
1 4 2 3 | 2
Total: 16

1 2 3 2
--------
4 3 1 2 | 3
2 1 3 4 | 1
3 4 2 1 | 3
1 2 4 3 | 2
Total: 17

1 2 3 2
--------
4 3 1 2 | 3
2 1 3 4 | 1
1 4 2 3 | 2
3 2 4 1 | 2
Total: 16

1 2 3 2
--------
4 3 1 2 | 3
2 1 3 4 | 1
1 2 4 3 | 2
3 4 2 1 | 3
Total: 17

1 2 4 2
--------
4 3 1 2 | 3
3 1 2 4 | 1
2 4 3 1 | 3
1 2 4 3 | 2
Total: 18

1 2 3 2
--------
4 3 1 2 | 3
3 1 2 4 | 1
1 2 4 3 | 2
2 4 3 1 | 3
Total: 17

1 2 2 2
--------
4 3 1 2 | 3
3 2 4 1 | 2
2 1 3 4 | 1
1 4 2 3 | 2
Total: 15

1 2 2 3
--------
4 3 1 2 | 3
3 2 4 1 | 2
1 4 2 3 | 2
2 1 3 4 | 1
Total: 16

1 2 3 3
--------
4 3 1 2 | 3
3 4 2 1 | 3
2 1 4 3 | 2
1 2 3 4 | 1
Total: 18

1 2 4 2
--------
4 3 1 2 | 3
3 4 2 1 | 3
2 1 3 4 | 1
1 2 4 3 | 2
Total: 18

1 2 3 3
--------
4 3 1 2 | 3
3 4 2 1 | 3
1 2 4 3 | 2
2 1 3 4 | 1
Total: 18

1 2 4 2
--------
4 3 1 2 | 3
3 4 2 1 | 3
1 2 3 4 | 1
2 1 4 3 | 2
Total: 18

1 2 4 3
--------
4 3 1 2 | 3
1 4 2 3 | 2
2 1 3 4 | 1
3 2 4 1 | 2
Total: 18

1 2 3 3
--------
4 3 1 2 | 3
1 4 2 3 | 2
3 2 4 1 | 2
2 1 3 4 | 1
Total: 17

1 2 2 3
--------
4 3 1 2 | 3
1 2 4 3 | 2
2 4 3 1 | 3
3 1 2 4 | 1
Total: 17

1 2 2 3
--------
4 3 1 2 | 3
1 2 4 3 | 2
2 1 3 4 | 1
3 4 2 1 | 3
Total: 17

1 2 2 3
--------
4 3 1 2 | 3
1 2 4 3 | 2
3 1 2 4 | 1
2 4 3 1 | 3
Total: 17

1 2 2 3
--------
4 3 1 2 | 3
1 2 4 3 | 2
3 4 2 1 | 3
2 1 3 4 | 1
Total: 17

1 2 3 2
--------
4 3 1 2 | 3
1 2 3 4 | 1
2 1 4 3 | 2
3 4 2 1 | 3
Total: 17

1 2 3 2
--------
4 3 1 2 | 3
1 2 3 4 | 1
3 4 2 1 | 3
2 1 4 3 | 2
Total: 17

1 2 2 3
--------
4 1 3 2 | 3
2 4 1 3 | 2
3 2 4 1 | 2
1 3 2 4 | 1
Total: 16

1 2 2 3
--------
4 1 3 2 | 3
2 4 1 3 | 2
1 3 2 4 | 1
3 2 4 1 | 2
Total: 16

1 3 2 2
--------
4 1 3 2 | 3
2 3 1 4 | 1
3 2 4 1 | 2
1 4 2 3 | 2
Total: 16

1 3 2 2
--------
4 1 3 2 | 3
2 3 1 4 | 1
3 4 2 1 | 3
1 2 4 3 | 2
Total: 17

1 3 2 2
--------
4 1 3 2 | 3
2 3 1 4 | 1
1 4 2 3 | 2
3 2 4 1 | 2
Total: 16

1 3 2 2
--------
4 1 3 2 | 3
2 3 1 4 | 1
1 2 4 3 | 2
3 4 2 1 | 3
Total: 17

1 3 2 2
--------
4 1 3 2 | 3
2 3 4 1 | 2
3 2 1 4 | 1
1 4 2 3 | 2
Total: 16

1 3 2 3
--------
4 1 3 2 | 3
2 3 4 1 | 2
1 4 2 3 | 2
3 2 1 4 | 1
Total: 17

1 4 2 2
--------
4 1 3 2 | 3
3 2 1 4 | 1
2 3 4 1 | 2
1 4 2 3 | 2
Total: 17

1 3 2 2
--------
4 1 3 2 | 3
3 2 1 4 | 1
1 4 2 3 | 2
2 3 4 1 | 2
Total: 16

1 3 2 3
--------
4 1 3 2 | 3
3 2 4 1 | 2
2 4 1 3 | 2
1 3 2 4 | 1
Total: 17

1 4 2 2
--------
4 1 3 2 | 3
3 2 4 1 | 2
2 3 1 4 | 1
1 4 2 3 | 2
Total: 17

1 4 2 2
--------
4 1 3 2 | 3
3 2 4 1 | 2
1 3 2 4 | 1
2 4 1 3 | 2
Total: 17

1 3 2 3
--------
4 1 3 2 | 3
3 2 4 1 | 2
1 4 2 3 | 2
2 3 1 4 | 1
Total: 17

1 2 2 2
--------
4 1 3 2 | 3
3 4 2 1 | 3
2 3 1 4 | 1
1 2 4 3 | 2
Total: 16

1 2 2 3
--------
4 1 3 2 | 3
3 4 2 1 | 3
1 2 4 3 | 2
2 3 1 4 | 1
Total: 17

1 3 2 2
--------
4 1 3 2 | 3
1 3 2 4 | 1
2 4 1 3 | 2
3 2 4 1 | 2
Total: 16

1 3 2 2
--------
4 1 3 2 | 3
1 3 2 4 | 1
3 2 4 1 | 2
2 4 1 3 | 2
Total: 16

1 2 2 3
--------
4 1 3 2 | 3
1 4 2 3 | 2
2 3 1 4 | 1
3 2 4 1 | 2
Total: 16

1 2 2 3
--------
4 1 3 2 | 3
1 4 2 3 | 2
2 3 4 1 | 2
3 2 1 4 | 1
Total: 16

1 2 2 3
--------
4 1 3 2 | 3
1 4 2 3 | 2
3 2 1 4 | 1
2 3 4 1 | 2
Total: 16

1 2 2 3
--------
4 1 3 2 | 3
1 4 2 3 | 2
3 2 4 1 | 2
2 3 1 4 | 1
Total: 16

1 4 2 3
--------
4 1 3 2 | 3
1 2 4 3 | 2
2 3 1 4 | 1
3 4 2 1 | 3
Total: 19

1 3 2 3
--------
4 1 3 2 | 3
1 2 4 3 | 2
3 4 2 1 | 3
2 3 1 4 | 1
Total: 18

1 2 3 2
--------
4 1 2 3 | 2
2 4 3 1 | 3
3 2 1 4 | 1
1 3 4 2 | 2
Total: 16

1 2 3 2
--------
4 1 2 3 | 2
2 4 3 1 | 3
1 3 4 2 | 2
3 2 1 4 | 1
Total: 16

1 3 2 2
--------
4 1 2 3 | 2
2 3 1 4 | 1
3 2 4 1 | 2
1 4 3 2 | 3
Total: 16

1 3 3 2
--------
4 1 2 3 | 2
2 3 1 4 | 1
1 4 3 2 | 3
3 2 4 1 | 2
Total: 17

1 3 2 2
--------
4 1 2 3 | 2
2 3 4 1 | 2
3 2 1 4 | 1
1 4 3 2 | 3
Total: 16

1 3 2 2
--------
4 1 2 3 | 2
2 3 4 1 | 2
3 4 1 2 | 2
1 2 3 4 | 1
Total: 15

1 3 2 2
--------
4 1 2 3 | 2
2 3 4 1 | 2
1 4 3 2 | 3
3 2 1 4 | 1
Total: 16

1 3 2 2
--------
4 1 2 3 | 2
2 3 4 1 | 2
1 2 3 4 | 1
3 4 1 2 | 2
Total: 15

1 3 3 2
--------
4 1 2 3 | 2
3 2 1 4 | 1
2 4 3 1 | 3
1 3 4 2 | 2
Total: 17

1 4 2 2
--------
4 1 2 3 | 2
3 2 1 4 | 1
2 3 4 1 | 2
1 4 3 2 | 3
Total: 17

1 4 2 2
--------
4 1 2 3 | 2
3 2 1 4 | 1
1 3 4 2 | 2
2 4 3 1 | 3
Total: 17

1 3 3 2
--------
4 1 2 3 | 2
3 2 1 4 | 1
1 4 3 2 | 3
2 3 4 1 | 2
Total: 17

1 4 2 2
--------
4 1 2 3 | 2
3 2 4 1 | 2
2 3 1 4 | 1
1 4 3 2 | 3
Total: 17

1 3 2 2
--------
4 1 2 3 | 2
3 2 4 1 | 2
1 4 3 2 | 3
2 3 1 4 | 1
Total: 16

1 2 2 2
--------
4 1 2 3 | 2
3 4 1 2 | 2
2 3 4 1 | 2
1 2 3 4 | 1
Total: 14

1 2 3 2
--------
4 1 2 3 | 2
3 4 1 2 | 2
1 2 3 4 | 1
2 3 4 1 | 2
Total: 15

1 3 2 2
--------
4 1 2 3 | 2
1 3 4 2 | 2
2 4 3 1 | 3
3 2 1 4 | 1
Total: 16

1 3 2 2
--------
4 1 2 3 | 2
1 3 4 2 | 2
3 2 1 4 | 1
2 4 3 1 | 3
Total: 16

1 2 3 2
--------
4 1 2 3 | 2
1 4 3 2 | 3
2 3 1 4 | 1
3 2 4 1 | 2
Total: 16

1 2 3 2
--------
4 1 2 3 | 2
1 4 3 2 | 3
2 3 4 1 | 2
3 2 1 4 | 1
Total: 16

1 2 3 2
--------
4 1 2 3 | 2
1 4 3 2 | 3
3 2 1 4 | 1
2 3 4 1 | 2
Total: 16

1 2 3 2
--------
4 1 2 3 | 2
1 4 3 2 | 3
3 2 4 1 | 2
2 3 1 4 | 1
Total: 16

1 4 3 2
--------
4 1 2 3 | 2
1 2 3 4 | 1
2 3 4 1 | 2
3 4 1 2 | 2
Total: 17

1 3 3 2
--------
4 1 2 3 | 2
1 2 3 4 | 1
3 4 1 2 | 2
2 3 4 1 | 2
Total: 16

4 2 3 1
--------
1 3 2 4 | 1
2 4 3 1 | 3
3 1 4 2 | 2
4 2 1 3 | 2
Total: 18

3 2 3 1
--------
1 3 2 4 | 1
2 4 3 1 | 3
4 2 1 3 | 2
3 1 4 2 | 2
Total: 17

4 2 2 1
--------
1 3 2 4 | 1
2 4 1 3 | 2
3 1 4 2 | 2
4 2 3 1 | 3
Total: 17

4 2 2 1
--------
1 3 2 4 | 1
2 4 1 3 | 2
3 2 4 1 | 2
4 1 3 2 | 3
Total: 17

3 2 3 1
--------
1 3 2 4 | 1
2 4 1 3 | 2
4 2 3 1 | 3
3 1 4 2 | 2
Total: 17

3 2 3 1
--------
1 3 2 4 | 1
2 4 1 3 | 2
4 1 3 2 | 3
3 2 4 1 | 2
Total: 17

4 2 2 1
--------
1 3 2 4 | 1
2 1 4 3 | 2
3 4 1 2 | 2
4 2 3 1 | 3
Total: 17

3 2 2 1
--------
1 3 2 4 | 1
2 1 4 3 | 2
4 2 3 1 | 3
3 4 1 2 | 2
Total: 16

3 2 2 1
--------
1 3 2 4 | 1
3 1 4 2 | 2
2 4 3 1 | 3
4 2 1 3 | 2
Total: 16

3 2 2 1
--------
1 3 2 4 | 1
3 1 4 2 | 2
2 4 1 3 | 2
4 2 3 1 | 3
Total: 16

3 2 2 1
--------
1 3 2 4 | 1
3 1 4 2 | 2
4 2 1 3 | 2
2 4 3 1 | 3
Total: 16

3 2 2 1
--------
1 3 2 4 | 1
3 1 4 2 | 2
4 2 3 1 | 3
2 4 1 3 | 2
Total: 16

3 2 2 1
--------
1 3 2 4 | 1
3 2 4 1 | 2
2 4 1 3 | 2
4 1 3 2 | 3
Total: 16

3 2 2 1
--------
1 3 2 4 | 1
3 2 4 1 | 2
4 1 3 2 | 3
2 4 1 3 | 2
Total: 16

3 2 2 1
--------
1 3 2 4 | 1
3 4 1 2 | 2
2 1 4 3 | 2
4 2 3 1 | 3
Total: 16

3 2 3 1
--------
1 3 2 4 | 1
3 4 1 2 | 2
4 2 3 1 | 3
2 1 4 3 | 2
Total: 17

2 2 3 1
--------
1 3 2 4 | 1
4 2 1 3 | 2
2 4 3 1 | 3
3 1 4 2 | 2
Total: 16

2 2 2 1
--------
1 3 2 4 | 1
4 2 1 3 | 2
3 1 4 2 | 2
2 4 3 1 | 3
Total: 15

2 2 3 1
--------
1 3 2 4 | 1
4 2 3 1 | 3
2 4 1 3 | 2
3 1 4 2 | 2
Total: 16

2 2 3 1
--------
1 3 2 4 | 1
4 2 3 1 | 3
2 1 4 3 | 2
3 4 1 2 | 2
Total: 16

2 2 3 1
--------
1 3 2 4 | 1
4 2 3 1 | 3
3 1 4 2 | 2
2 4 1 3 | 2
Total: 16

2 2 3 1
--------
1 3 2 4 | 1
4 2 3 1 | 3
3 4 1 2 | 2
2 1 4 3 | 2
Total: 16

2 2 3 1
--------
1 3 2 4 | 1
4 1 3 2 | 3
2 4 1 3 | 2
3 2 4 1 | 2
Total: 16

2 2 3 1
--------
1 3 2 4 | 1
4 1 3 2 | 3
3 2 4 1 | 2
2 4 1 3 | 2
Total: 16

4 2 1 2
--------
1 3 4 2 | 2
2 4 3 1 | 3
3 1 2 4 | 1
4 2 1 3 | 2
Total: 17

4 2 1 2
--------
1 3 4 2 | 2
2 4 3 1 | 3
3 2 1 4 | 1
4 1 2 3 | 2
Total: 17

3 2 1 3
--------
1 3 4 2 | 2
2 4 3 1 | 3
4 2 1 3 | 2
3 1 2 4 | 1
Total: 17

3 2 1 3
--------
1 3 4 2 | 2
2 4 3 1 | 3
4 1 2 3 | 2
3 2 1 4 | 1
Total: 17

4 2 1 3
--------
1 3 4 2 | 2
2 4 1 3 | 2
3 1 2 4 | 1
4 2 3 1 | 3
Total: 18

3 2 1 3
--------
1 3 4 2 | 2
2 4 1 3 | 2
4 2 3 1 | 3
3 1 2 4 | 1
Total: 17

4 2 1 2
--------
1 3 4 2 | 2
2 1 3 4 | 1
3 4 2 1 | 3
4 2 1 3 | 2
Total: 17

3 2 1 2
--------
1 3 4 2 | 2
2 1 3 4 | 1
4 2 1 3 | 2
3 4 2 1 | 3
Total: 16

3 2 1 2
--------
1 3 4 2 | 2
3 1 2 4 | 1
2 4 3 1 | 3
4 2 1 3 | 2
Total: 16

3 2 1 2
--------
1 3 4 2 | 2
3 1 2 4 | 1
2 4 1 3 | 2
4 2 3 1 | 3
Total: 16

3 2 1 2
--------
1 3 4 2 | 2
3 1 2 4 | 1
4 2 1 3 | 2
2 4 3 1 | 3
Total: 16

3 2 1 2
--------
1 3 4 2 | 2
3 1 2 4 | 1
4 2 3 1 | 3
2 4 1 3 | 2
Total: 16

3 2 1 2
--------
1 3 4 2 | 2
3 2 1 4 | 1
2 4 3 1 | 3
4 1 2 3 | 2
Total: 16

3 2 1 2
--------
1 3 4 2 | 2
3 2 1 4 | 1
4 1 2 3 | 2
2 4 3 1 | 3
Total: 16

3 2 1 2
--------
1 3 4 2 | 2
3 4 2 1 | 3
2 1 3 4 | 1
4 2 1 3 | 2
Total: 16

3 2 1 3
--------
1 3 4 2 | 2
3 4 2 1 | 3
4 2 1 3 | 2
2 1 3 4 | 1
Total: 17

2 2 1 3
--------
1 3 4 2 | 2
4 2 1 3 | 2
2 4 3 1 | 3
3 1 2 4 | 1
Total: 16

2 2 1 3
--------
1 3 4 2 | 2
4 2 1 3 | 2
2 1 3 4 | 1
3 4 2 1 | 3
Total: 16

2 2 1 3
--------
1 3 4 2 | 2
4 2 1 3 | 2
3 1 2 4 | 1
2 4 3 1 | 3
Total: 16

2 2 1 3
--------
1 3 4 2 | 2
4 2 1 3 | 2
3 4 2 1 | 3
2 1 3 4 | 1
Total: 16

2 2 1 3
--------
1 3 4 2 | 2
4 2 3 1 | 3
2 4 1 3 | 2
3 1 2 4 | 1
Total: 16

2 2 1 2
--------
1 3 4 2 | 2
4 2 3 1 | 3
3 1 2 4 | 1
2 4 1 3 | 2
Total: 15

2 2 1 3
--------
1 3 4 2 | 2
4 1 2 3 | 2
2 4 3 1 | 3
3 2 1 4 | 1
Total: 16

2 2 1 3
--------
1 3 4 2 | 2
4 1 2 3 | 2
3 2 1 4 | 1
2 4 3 1 | 3
Total: 16

4 1 2 3
--------
1 4 3 2 | 3
2 1 4 3 | 2
3 2 1 4 | 1
4 3 2 1 | 4
Total: 20

3 1 2 3
--------
1 4 3 2 | 3
2 1 4 3 | 2
4 3 2 1 | 4
3 2 1 4 | 1
Total: 19

4 1 2 2
--------
1 4 3 2 | 3
2 3 1 4 | 1
3 2 4 1 | 2
4 1 2 3 | 2
Total: 17

3 1 2 2
--------
1 4 3 2 | 3
2 3 1 4 | 1
4 1 2 3 | 2
3 2 4 1 | 2
Total: 16

4 1 2 2
--------
1 4 3 2 | 3
2 3 4 1 | 2
3 1 2 4 | 1
4 2 1 3 | 2
Total: 17

4 1 2 2
--------
1 4 3 2 | 3
2 3 4 1 | 2
3 2 1 4 | 1
4 1 2 3 | 2
Total: 17

3 1 2 3
--------
1 4 3 2 | 3
2 3 4 1 | 2
4 2 1 3 | 2
3 1 2 4 | 1
Total: 17

3 1 2 3
--------
1 4 3 2 | 3
2 3 4 1 | 2
4 1 2 3 | 2
3 2 1 4 | 1
Total: 17

3 1 2 2
--------
1 4 3 2 | 3
3 1 2 4 | 1
2 3 4 1 | 2
4 2 1 3 | 2
Total: 16

3 1 2 2
--------
1 4 3 2 | 3
3 1 2 4 | 1
4 2 1 3 | 2
2 3 4 1 | 2
Total: 16

3 1 2 2
--------
1 4 3 2 | 3
3 2 1 4 | 1
2 1 4 3 | 2
4 3 2 1 | 4
Total: 18

3 1 2 2
--------
1 4 3 2 | 3
3 2 1 4 | 1
2 3 4 1 | 2
4 1 2 3 | 2
Total: 16

3 1 2 2
--------
1 4 3 2 | 3
3 2 1 4 | 1
4 3 2 1 | 4
2 1 4 3 | 2
Total: 18

3 1 2 2
--------
1 4 3 2 | 3
3 2 1 4 | 1
4 1 2 3 | 2
2 3 4 1 | 2
Total: 16

3 1 2 2
--------
1 4 3 2 | 3
3 2 4 1 | 2
2 3 1 4 | 1
4 1 2 3 | 2
Total: 16

3 1 2 3
--------
1 4 3 2 | 3
3 2 4 1 | 2
4 1 2 3 | 2
2 3 1 4 | 1
Total: 17

2 1 2 3
--------
1 4 3 2 | 3
4 2 1 3 | 2
2 3 4 1 | 2
3 1 2 4 | 1
Total: 16

2 1 2 3
--------
1 4 3 2 | 3
4 2 1 3 | 2
3 1 2 4 | 1
2 3 4 1 | 2
Total: 16

2 1 2 3
--------
1 4 3 2 | 3
4 3 2 1 | 4
2 1 4 3 | 2
3 2 1 4 | 1
Total: 18

2 1 2 2
--------
1 4 3 2 | 3
4 3 2 1 | 4
3 2 1 4 | 1
2 1 4 3 | 2
Total: 17

2 1 2 3
--------
1 4 3 2 | 3
4 1 2 3 | 2
2 3 1 4 | 1
3 2 4 1 | 2
Total: 16

2 1 2 3
--------
1 4 3 2 | 3
4 1 2 3 | 2
2 3 4 1 | 2
3 2 1 4 | 1
Total: 16

2 1 2 3
--------
1 4 3 2 | 3
4 1 2 3 | 2
3 2 1 4 | 1
2 3 4 1 | 2
Total: 16

2 1 2 3
--------
1 4 3 2 | 3
4 1 2 3 | 2
3 2 4 1 | 2
2 3 1 4 | 1
Total: 16

4 1 3 2
--------
1 4 2 3 | 2
2 1 3 4 | 1
3 2 4 1 | 2
4 3 1 2 | 3
Total: 18

3 1 3 2
--------
1 4 2 3 | 2
2 1 3 4 | 1
4 3 1 2 | 3
3 2 4 1 | 2
Total: 17

4 1 2 2
--------
1 4 2 3 | 2
2 3 1 4 | 1
3 1 4 2 | 2
4 2 3 1 | 3
Total: 17

4 1 2 2
--------
1 4 2 3 | 2
2 3 1 4 | 1
3 2 4 1 | 2
4 1 3 2 | 3
Total: 17

3 1 3 2
--------
1 4 2 3 | 2
2 3 1 4 | 1
4 2 3 1 | 3
3 1 4 2 | 2
Total: 17

3 1 3 2
--------
1 4 2 3 | 2
2 3 1 4 | 1
4 1 3 2 | 3
3 2 4 1 | 2
Total: 17

4 1 2 2
--------
1 4 2 3 | 2
2 3 4 1 | 2
3 2 1 4 | 1
4 1 3 2 | 3
Total: 17

3 1 2 2
--------
1 4 2 3 | 2
2 3 4 1 | 2
4 1 3 2 | 3
3 2 1 4 | 1
Total: 16

3 1 2 2
--------
1 4 2 3 | 2
3 1 4 2 | 2
2 3 1 4 | 1
4 2 3 1 | 3
Total: 16

3 1 2 2
--------
1 4 2 3 | 2
3 1 4 2 | 2
4 2 3 1 | 3
2 3 1 4 | 1
Total: 16

3 1 2 2
--------
1 4 2 3 | 2
3 2 1 4 | 1
2 3 4 1 | 2
4 1 3 2 | 3
Total: 16

3 1 3 2
--------
1 4 2 3 | 2
3 2 1 4 | 1
4 1 3 2 | 3
2 3 4 1 | 2
Total: 17

3 1 2 2
--------
1 4 2 3 | 2
3 2 4 1 | 2
2 1 3 4 | 1
4 3 1 2 | 3
Total: 16

3 1 2 2
--------
1 4 2 3 | 2
3 2 4 1 | 2
2 3 1 4 | 1
4 1 3 2 | 3
Total: 16

3 1 2 2
--------
1 4 2 3 | 2
3 2 4 1 | 2
4 3 1 2 | 3
2 1 3 4 | 1
Total: 16

3 1 2 2
--------
1 4 2 3 | 2
3 2 4 1 | 2
4 1 3 2 | 3
2 3 1 4 | 1
Total: 16

2 1 3 2
--------
1 4 2 3 | 2
4 2 3 1 | 3
2 3 1 4 | 1
3 1 4 2 | 2
Total: 16

2 1 3 2
--------
1 4 2 3 | 2
4 2 3 1 | 3
3 1 4 2 | 2
2 3 1 4 | 1
Total: 16

2 1 3 2
--------
1 4 2 3 | 2
4 3 1 2 | 3
2 1 3 4 | 1
3 2 4 1 | 2
Total: 16

2 1 2 2
--------
1 4 2 3 | 2
4 3 1 2 | 3
3 2 4 1 | 2
2 1 3 4 | 1
Total: 15

2 1 3 2
--------
1 4 2 3 | 2
4 1 3 2 | 3
2 3 1 4 | 1
3 2 4 1 | 2
Total: 16

2 1 3 2
--------
1 4 2 3 | 2
4 1 3 2 | 3
2 3 4 1 | 2
3 2 1 4 | 1
Total: 16

2 1 3 2
--------
1 4 2 3 | 2
4 1 3 2 | 3
3 2 1 4 | 1
2 3 4 1 | 2
Total: 16

2 1 3 2
--------
1 4 2 3 | 2
4 1 3 2 | 3
3 2 4 1 | 2
2 3 1 4 | 1
Total: 16

4 2 1 2
--------
1 2 4 3 | 2
2 4 3 1 | 3
3 1 2 4 | 1
4 3 1 2 | 3
Total: 18

3 2 1 2
--------
1 2 4 3 | 2
2 4 3 1 | 3
4 3 1 2 | 3
3 1 2 4 | 1
Total: 17

4 2 1 2
--------
1 2 4 3 | 2
2 1 3 4 | 1
3 4 2 1 | 3
4 3 1 2 | 3
Total: 18

4 2 1 2
--------
1 2 4 3 | 2
2 1 3 4 | 1
3 4 1 2 | 2
4 3 2 1 | 4
Total: 18

3 3 1 2
--------
1 2 4 3 | 2
2 1 3 4 | 1
4 3 2 1 | 4
3 4 1 2 | 2
Total: 18

3 3 1 2
--------
1 2 4 3 | 2
2 1 3 4 | 1
4 3 1 2 | 3
3 4 2 1 | 3
Total: 18

4 3 1 2
--------
1 2 4 3 | 2
2 3 1 4 | 1
3 4 2 1 | 3
4 1 3 2 | 3
Total: 19

3 3 1 2
--------
1 2 4 3 | 2
2 3 1 4 | 1
4 1 3 2 | 3
3 4 2 1 | 3
Total: 18

3 2 1 2
--------
1 2 4 3 | 2
3 1 2 4 | 1
2 4 3 1 | 3
4 3 1 2 | 3
Total: 17

3 3 1 2
--------
1 2 4 3 | 2
3 1 2 4 | 1
4 3 1 2 | 3
2 4 3 1 | 3
Total: 18

3 2 1 2
--------
1 2 4 3 | 2
3 4 2 1 | 3
2 1 3 4 | 1
4 3 1 2 | 3
Total: 17

3 2 1 2
--------
1 2 4 3 | 2
3 4 2 1 | 3
2 3 1 4 | 1
4 1 3 2 | 3
Total: 17

3 2 1 2
--------
1 2 4 3 | 2
3 4 2 1 | 3
4 3 1 2 | 3
2 1 3 4 | 1
Total: 17

3 2 1 2
--------
1 2 4 3 | 2
3 4 2 1 | 3
4 1 3 2 | 3
2 3 1 4 | 1
Total: 17

3 2 1 2
--------
1 2 4 3 | 2
3 4 1 2 | 2
2 1 3 4 | 1
4 3 2 1 | 4
Total: 17

3 2 1 2
--------
1 2 4 3 | 2
3 4 1 2 | 2
4 3 2 1 | 4
2 1 3 4 | 1
Total: 17

2 3 1 2
--------
1 2 4 3 | 2
4 3 2 1 | 4
2 1 3 4 | 1
3 4 1 2 | 2
Total: 17

2 3 1 2
--------
1 2 4 3 | 2
4 3 2 1 | 4
3 4 1 2 | 2
2 1 3 4 | 1
Total: 17

2 3 1 2
--------
1 2 4 3 | 2
4 3 1 2 | 3
2 4 3 1 | 3
3 1 2 4 | 1
Total: 17

2 3 1 2
--------
1 2 4 3 | 2
4 3 1 2 | 3
2 1 3 4 | 1
3 4 2 1 | 3
Total: 17

2 3 1 2
--------
1 2 4 3 | 2
4 3 1 2 | 3
3 1 2 4 | 1
2 4 3 1 | 3
Total: 17

2 3 1 2
--------
1 2 4 3 | 2
4 3 1 2 | 3
3 4 2 1 | 3
2 1 3 4 | 1
Total: 17

2 3 1 2
--------
1 2 4 3 | 2
4 1 3 2 | 3
2 3 1 4 | 1
3 4 2 1 | 3
Total: 17

2 2 1 2
--------
1 2 4 3 | 2
4 1 3 2 | 3
3 4 2 1 | 3
2 3 1 4 | 1
Total: 16

4 2 2 1
--------
1 2 3 4 | 1
2 4 1 3 | 2
3 1 4 2 | 2
4 3 2 1 | 4
Total: 18

3 2 2 1
--------
1 2 3 4 | 1
2 4 1 3 | 2
4 3 2 1 | 4
3 1 4 2 | 2
Total: 17

4 2 2 1
--------
1 2 3 4 | 1
2 1 4 3 | 2
3 4 2 1 | 3
4 3 1 2 | 3
Total: 18

4 2 2 1
--------
1 2 3 4 | 1
2 1 4 3 | 2
3 4 1 2 | 2
4 3 2 1 | 4
Total: 18

3 3 2 1
--------
1 2 3 4 | 1
2 1 4 3 | 2
4 3 2 1 | 4
3 4 1 2 | 2
Total: 18

3 3 2 1
--------
1 2 3 4 | 1
2 1 4 3 | 2
4 3 1 2 | 3
3 4 2 1 | 3
Total: 18

4 3 2 1
--------
1 2 3 4 | 1
2 3 4 1 | 2
3 4 1 2 | 2
4 1 2 3 | 2
Total: 17

3 3 2 1
--------
1 2 3 4 | 1
2 3 4 1 | 2
4 1 2 3 | 2
3 4 1 2 | 2
Total: 16

3 2 2 1
--------
1 2 3 4 | 1
3 1 4 2 | 2
2 4 1 3 | 2
4 3 2 1 | 4
Total: 17

3 3 2 1
--------
1 2 3 4 | 1
3 1 4 2 | 2
4 3 2 1 | 4
2 4 1 3 | 2
Total: 18

3 2 2 1
--------
1 2 3 4 | 1
3 4 2 1 | 3
2 1 4 3 | 2
4 3 1 2 | 3
Total: 17

3 2 2 1
--------
1 2 3 4 | 1
3 4 2 1 | 3
4 3 1 2 | 3
2 1 4 3 | 2
Total: 17

3 2 2 1
--------
1 2 3 4 | 1
3 4 1 2 | 2
2 1 4 3 | 2
4 3 2 1 | 4
Total: 17

3 2 2 1
--------
1 2 3 4 | 1
3 4 1 2 | 2
2 3 4 1 | 2
4 1 2 3 | 2
Total: 15

3 2 2 1
--------
1 2 3 4 | 1
3 4 1 2 | 2
4 3 2 1 | 4
2 1 4 3 | 2
Total: 17

3 2 2 1
--------
1 2 3 4 | 1
3 4 1 2 | 2
4 1 2 3 | 2
2 3 4 1 | 2
Total: 15

2 3 2 1
--------
1 2 3 4 | 1
4 3 2 1 | 4
2 4 1 3 | 2
3 1 4 2 | 2
Total: 17

2 3 2 1
--------
1 2 3 4 | 1
4 3 2 1 | 4
2 1 4 3 | 2
3 4 1 2 | 2
Total: 17

2 3 2 1
--------
1 2 3 4 | 1
4 3 2 1 | 4
3 1 4 2 | 2
2 4 1 3 | 2
Total: 17

2 3 2 1
--------
1 2 3 4 | 1
4 3 2 1 | 4
3 4 1 2 | 2
2 1 4 3 | 2
Total: 17

2 3 2 1
--------
1 2 3 4 | 1
4 3 1 2 | 3
2 1 4 3 | 2
3 4 2 1 | 3
Total: 17

2 3 2 1
--------
1 2 3 4 | 1
4 3 1 2 | 3
3 4 2 1 | 3
2 1 4 3 | 2
Total: 17

2 3 2 1
--------
1 2 3 4 | 1
4 1 2 3 | 2
2 3 4 1 | 2
3 4 1 2 | 2
Total: 15

2 2 2 1
--------
1 2 3 4 | 1
4 1 2 3 | 2
3 4 1 2 | 2
2 3 4 1 | 2
Total: 14

