0,0,0
0,1,0
-1,0,0
-1,1,0
face
0,0,0
0,0,1
-1,0,0
-1,0,1
face
-1,0,0
-1,1,0
-1,0,1
-1,1,1
face
-1,1,0
-1,2,0
-1,1,1
-1,2,1
face
-1,0,1
-1,1,1
-1,1,2
-1,0,2
face
0,0,0
0,0,1
1,0,0
1,0,1
face
0,0,0
0,1,0
0,0,-1
0,1,-1
face
0,0,0
1,0,0
0,0,-1
1,0,-1
face
0,0,-1
0,0,-2
0,1,-1
0,1,-2
face
0,0,-1
0,0,-2
0,-1,-1
0,-1,-2
face
0,1,-2
0,1,-1
0,0,-1
0,0,-2
face
0,0,-1
0,-1,-1
1,0,-1
1,-1,-1
face
0,-1,-1
0,-1,-2
1,-1,-1
1,-1,-2
face
0,-1,-2
1,-1,-2
0,-1,-3
1,-1,-3
face
1,-1,-1
2,-1,-1
1,-1,-2
2,-1,-2
face
map all 0,0,.5
print all
quit

