809875897 120830188
648219578 25933638
964034141 111940961
968241683 956087097
716210381 931802884
135722321 982695594
49938043 718381741
786056565 234392062
952955089 52673061
805028194 369433566
391659114 462876301
382482080 916681304
88238885 399781242
792496973 365905367
765140172 881373484
713178827 195718438
322003580 137314365
178098740 535609884
689268661 849716789
937102885 425324918
501873338 537280076
964888453 94782995
913117240 395246875
600158718 478550700
745653459 441811234
725755956 391397329
192202036 168671894
50962105 719611568
637041782 413646569
861817856 373615349
90361371 809024259
135130335 51171504
696487530 681141250
128731821 480465517
794834284 533155255
67055951 354993774
845733960 410918951
330377843 697081652
964344777 286101740
261909424 656679736
882432783 674284780
853765137 482665851
443474234 699791951
825655164 514159662
560319827 712776279
24687359 901405714
271331074 924940291
347154366 454795207
730793028 753737504
100562931 564896884
788503203 124613756
613967230 767398449
143335363 678559006
85061285 929192238
803505449 47835472
882256174 593167743
925076929 304234351
448529927 80419391
718410682 637723644
371230712 53485952
463891905 903141615
268901284 389978464
233079919 71047018
723863731 102721918
404777715 856466130
269672329 323652398
748383240 974710767
278147968 900621360
735865279 13438542
724714092 248532399
871029944 819569537
126950547 761568685
488260780 411570070
224082175 297481416
486102901 653097184
109562499 156946531
403020955 502324659
850663493 222928867
708118636 399825572
74329257 822015147
28915467 922175546
404408503 700110131
647411249 932097572
979287167 750179055
106231497 150751551
929062242 724434654
335864813 993562276
656520132 745203726
764727237 105786230
945721589 588486809
344495495 843973175
355989556 245890338
17942538 838840846
478210176 421233980
595111153 186232949
505879838 337911976
271426522 16279909
167176497 425336647
619252779 535261244
479040696 223959957
79043551 796735850
512984767 758025548
49848692 693144693
538896702 936044285
179370470 49307241
561882196 466831337
444488935 406161213
553233430 742737528
923299647 595992723
155590367 13522432
633953930 596653424
510558731 529346736
564313860 307370680
201382496 697927090
665607981 786358868
351276652 410443354
524500662 432292467
287872395 727886046
68494770 457687500
134700637 971876342
672225422 500364827
371155046 772402360
605448588 135569744
102971673 833339085
851483777 500254956
186602714 582125442
897261566 914881215
774236110 672755946
388305824 807359457
503534653 664626527
304923763 7083024
799976973 460199649
66185926 511136273
333142448 61493190
238179513 634599401
955181602 411745997
110363560 375406473
724467165 990090795
622120008 262587165
295067574 92617702
49882234 654190592
838888495 484909097
598258638 725134401
208377861 174164487
936705005 381152037
580500170 201732531
662512203 276558516
824795298 580671851
292766751 552477869
177909977 232442997
349737634 978356642
992815466 149686272
328694876 831035122
762416763 119084329
262950460 118494178
834456150 473489890
432031703 13898571
168180886 252887880
715077797 552100088
704470628 289553040
658143360 525853745
891918629 497279018
502075202 951270347
234271080 644238316
973601550 628236721
392815162 183454606
358463310 956563793
24557477 66725174
299676140 865480122
687764688 592941883
459816711 133907396
465686379 159069353
982678061 510992481
502710478 663619441
931464117 458010824
111103120 333506763
178243596 419506003
77771568 934001340
698635399 767022950
6699944 909556750
778252682 744785544
92006949 675155685
170517658 263045796
387751688 421174998
931925402 439599427
73082130 750449323
189159057 669254192
195119687 778151604
916742440 319110571
87767046 990380625
393885688 96752267
933703652 876145225
100186794 739354156
471108318 773082620
652873321 22930666
498660303 356189444
999905633 619225934
845282944 60649076
495742453 37971252
728696628 477202882
997742743 617413038
703554576 357256424
544521611 177278807
610784686 483979838
92193547 764957009
390417565 927124747
785050461 725002097
256933948 428333587
184186287 749646539
395928075 138681338
146870798 347439472
1196214 132509772
782694467 350195260
500385559 985860697
266880099 295006965
223867228 871682618
689537277 226167705
454942017 678295084
500498835 197579699
799888160 396292045
176826221 383874393
564380480 689220116
213829348 670400188
389739190 115175035
405867784 158964802
750218239 803240173
141260619 546379961
143656493 616889936
352933506 483204791
415454399 515668694
125199849 55503731
773792993 219327704
305160406 535932873
706695402 600978782
868088320 683178152
363982298 906649387
68946253 619947513
575056218 789969814
421585563 756750018
733054313 837784459
393555752 247085483
374148984 273576086
13782437 33051568
645190077 592169959
754255274 970509085
601634910 185813838
472530278 689713377
669592429 456105656
562145318 458727878
790229344 309183298
941449823 159118123
31788184 347045809
71961448 670638353
484713964 992912716
804910219 186251338
370166560 423343385
744466039 761372829
703424098 677751664
739244934 340338051
913897632 33407929
586654686 525506623
275843266 480591181
589698000 965037057
232163712 420933559
40852739 767180396
972351072 8008671
336070550 213097352
369675533 521798914
322878940 975952361
397834671 939905772
754764176 378764089
879734273 263436161
719804751 82702870
207788056 952727703
510894221 214854219
993639417 8911494
249439487 871671693
323687517 236322948
321372643 301304790
924031615 175654877
256522939 832716140
473845640 199322413
518336685 818129711
89798676 602722082
974708756 852135951
566610331 954987525
812026134 268103566
871461949 940667382
818773383 160918737
114689353 832797046
303188504 793123908
358499393 194550604
188086939 386017526
172544977 470612696
827318066 733086250
433850683 563297510
860233979 383279805
23217380 8083973
526511180 987238809
455888795 887577834
632773632 769905266
156599494 524022892
139446980 555366834
744431536 343560577
731480191 719817241
918100084 138799675
875978987 359789213
54905587 501351508
645006767 637090679
574795872 137380710
900049832 79032812
233564654 504613097
468766217 780587270
445587606 59450447
383117782 260182846
286702413 921812456
544925076 777206187
172539031 950129188
810010382 419290395
168089980 769738138
170757820 231666689
172491773 868119044
720097032 187850965
691406701 316371997
414210341 317496673
801213226 307680652
348898928 818250834
108222132 532897578
623373059 316909040
786748573 406663545
698731320 522210716
57126129 483571866
45665682 566505593
44312156 684883399
411699638 183639105
785893028 517382502
82887186 161255959
71967454 585459670
444347567 960940460
776104977 856857898
99886121 70956874
744509008 276297464
950481735 173706209
158448517 67092996
377457956 31384947
472373678 9717801
967174236 654849360
596937602 931998736
754177695 686613872
373072693 835310712
468670769 441626337
641605272 464978584
737227594 979474823
314550002 614405969
103908745 277622436
901745301 137680816
378881343 713896628
433036524 94126520
465576250 902660146
775574172 923170557
13157666 545870095
2383917 264810037
52119369 518722371
887222791 418810857
26257829 399038677
337525589 346654286
178831866 137365400
828256451 139337454
194753123 446425516
751626710 529762348
970137850 737729302
278460574 52057133
767089959 351564651
454649058 26334023
222404557 294136219
89418848 563794932
386831745 420312058
680470589 84570075
365098989 768399846
454449437 463160759
160158323 678869942
260363689 360926280
967828683 104352203
859754001 771901278
655495250 664065564
322550123 450674536
241783457 110726619
114173316 65548248
389746828 888683657
790714767 436298654
766321544 873418653
388732362 586269821
403458308 527659328
878774253 29072701
234920080 999279490
862196804 389776585
856334265 860196134
834860746 251240125
359436488 560979172
265151849 843329488
184891724 398381850
774395114 634532177
197603842 86109826
342653528 23342073
255628156 434632247
560287821 595334478
75909879 313581866
14291516 948764752
119936024 948301013
337719931 987630877
968485871 726498970
800541662 130384201
431097149 426051770
511620696 831924055
662358153 63080417
905575467 616366224
319041700 171095941
666872219 871652667
290391636 105832218
199232809 570815776
535158182 103158041
174435796 918195091
845481228 54051262
224653276 434823143
977292373 884037780
1008564 911370204
103023623 695879518
273100525 888410576
284174695 442896172
545483168 244415879
973428504 413508145
513803166 156989007
48867108 620900656
162397211 180746241
682404735 778764177
144174710 687379776
342422121 706622065
400723320 124359019
333983724 126195270
534564188 856151605
661798144 91584058
885764718 96584635
349718659 26900785
381728136 166968391
120176910 139623478
202585258 18939003
997224914 28740328
956503651 343838679
683180285 634227894
101316935 305162312
722203460 377183648
633701349 833602988
521085349 844774387
837851960 825096372
280315691 685948634
26026061 493690501
94988192 335601480
487840537 518873440
728754648 687706943
208872204 660121917
423968403 131103904
627579543 811959715
182084151 262519621
719129813 365930577
90657850 745547699
862291386 509917057
862893962 915297871
238676275 211619315
934218850 888060996
300456370 36316742
385045615 753466958
132017884 276965754
52588433 361263586
222275950 718059413
395760138 802144042
297584393 507434126
689946950 786256250
871008350 319425699
672525470 186523524
113468783 208646969
820720834 307198590
507832041 179502258
521777884 309796354
610943572 638815393
758030897 355461943
614056679 117198353
858538358 659812495
392874003 201721898
912349103 886351763
398915125 733888344
659661342 288828607
229187552 411795067
905228308 240651662
576834272 865785818
578079963 328065799
707848228 628010736
603321051 928749125
714996436 716475385
381408265 122435106
797323228 534799586
279504997 186860723
320167137 634598462
535487640 700671184
685318543 485836390
30784255 112882450
233179173 592509721
691941168 332247501
798599206 120531480
786737282 553648643
830126938 168791139
58526153 864829140
479998900 113240300
727633730 685890733
991238998 240830940
632051701 384652116
401262741 521652230
697944079 409944910
791561006 653245012
55854748 497100948
424156085 963515165
248817512 258265580
391995107 843738704
427304501 185889019
287311294 769797668
272205034 510059309
664906029 780077204
725531837 776629083
192573438 337585810
799656393 598861776
675418123 590153039
655556754 4214077
92144983 137457126
430420933 701638041
257691701 951709528
612213516 563311231
236618585 217769443
26334073 605994277
574881043 649099328
155749741 807405249
334026150 592247618
765072653 566346902
732140545 701527558
860702189 454209176
491321412 597446569
378713974 880402879
223959512 120549256
650628605 253894369
962252312 163114284
421134898 344062753
240270188 664161270
763501539 581473789
609368553 951173784
705638957 575865809
630187657 920648973
306046583 825805669
902948743 487988363
633300966 441354550
627904324 677418526
950034095 265067394
225920625 739769722
992870206 453243499
282175742 808365704
699509970 842182284
231386930 62433920
954674806 75035165
898998619 847902633
815177648 883564733
8158472 94905396
403821514 313733779
706495888 10584074
920620051 340682006
849735162 958814609
462086605 851565272
381687809 662345236
34776759 576313806
493464661 77730180
33245241 237119748
40742106 152683380
776068253 66023510
799147496 35511696
473188166 333090515
787460232 476685797
265785628 640237817
970146477 156064691
34026169 300791574
939170898 451627082
321840778 53464337
585097353 905724601
560484318 890893245
604866065 964928896
378698544 734559487
904606683 794691808
27239529 705323463
377328682 378595745
195288952 545591851
144861989 185385217
897456608 397040044
519165488 359810627
819924193 256728981
668868274 303277094
955629430 482387063
172072271 248194683
469721547 230708442
336064105 789717240
221935536 555006308
799323049 567305317
951760064 502836691
572359486 336449854
790663948 210782534
283388675 441267570
4175326 41092214
75176819 297971775
951877569 920059129
843754466 487003827
467623199 475792144
451865316 690576096
753323135 416368547
214420472 218347253
511020065 999414410
504898286 655870456
238703190 910179724
326232123 120394691
230193539 454550260
323551788 291754629
958776174 581672468
76102988 330775019
814054293 851594831
819302184 735287341
993352235 358306671
633355505 299079333
130126124 687666239
850969226 519567562
645103958 940961951
132819551 886519577
19748004 474376489
625670331 520700823
170212768 406681190
534992826 114952615
812988383 824460295
632940785 261116441
396223316 486559220
895481056 177726988
574288595 295900744
971913687 941946812
844079729 794075728
279100098 384379970
372078780 947073512
565242475 339875289
19169160 862179272
78436098 427032809
429086278 217564191
418487976 622804434
865299636 836687096
552323891 728402367
354783050 316696067
779980950 213891778
985890786 69073258
986617924 659667691
787395205 775438526
783710194 64945504
128257551 653475400
997794033 101000351
680124290 197249056
916575298 87867811
599718588 160758282
149334448 158387685
154706580 529534649
441382244 36779014
738362601 436730035
231512508 847448430
315163137 369801190
728249078 833650736
296657430 352114890
267107582 208260503
665569982 919192265
299627947 186721894
612688267 818643964
548744785 624791026
807904306 201001605
277938874 363666458
741662931 218633469
787968136 88338989
909499166 72876214
839849686 150427292
299423723 634677563
761819848 766471272
24365719 378810031
227525588 351825702
630056906 911590834
679612537 517253044
728618584 310660792
844710925 671501619
51292448 634493256
860745161 923143882
687466480 678805576
974294748 446434659
354238220 564938236
213827603 9751260
709706883 327683314
694050861 505241620
438094383 941242209
438042828 61703363
565389954 374355378
638532068 369641287
945845305 319682042
829589650 851223514
343293621 296848158
357637452 124922714
33527863 309984313
69213190 154558795
407078186 153924358
156160506 547948500
953526579 641538349
391244150 647235761
72465458 379062554
463665076 500169844
961447594 486022733
90232124 141186459
972513924 658807355
980325081 168325506
166475035 857642769
408172215 655108289
704038068 379285360
71903065 466942111
336714911 213934247
463488268 993991530
755446487 4564855
145831695 804448533
343883230 88096636
32350143 354568686
904750028 536670072
30401373 458662417
885796569 698076639
673566449 970510122
246217731 899443593
700346205 7602210
360474943 998130898
900208284 964510753
755134921 687083326
44659619 618023382
282268321 565354392
844283548 383982892
832344360 223063273
756260001 506772831
428269740 46668929
135195469 862890631
583727924 286280140
838165763 559000777
982379532 631023932
518383058 474331497
684512843 178650639
667128338 912464770
304736696 157069514
77455254 116791386
554263105 32017139
33210653 298605731
595835080 18319677
791294584 211569122
225643166 382102168
82587672 68771291
647493530 985831268
557020240 579687297
728517704 73385022
630884712 127906957
76950785 432682129
740364528 113676339
30677692 501156625
885658246 448231003
925707403 215039721
776930694 262939103
577459631 45641516
219162996 441854242
271338631 641369271
340964224 410973555
254751366 307958729
266338189 234001199
548353620 544338341
122683750 938551460
163354437 418826071
287984882 797434463
603278020 459232517
310881764 139021286
937399516 258295185
435395359 983879360
119488497 308204719
464419422 180223845
465488009 898437538
280234636 719691369
938929310 791438460
574403753 992079515
780459500 960784326
732263195 20704029
980692635 894313189
768249678 299726182
572161236 866456088
257529111 25140385
910545888 533917667
287493275 19157384
247322456 149300621
130946822 943666353
450840857 388765123
83136840 885630411
711612900 100990625
309718823 682109682
236841032 382321785
615470283 494684465
81191399 21915297
397845662 905063502
423355055 123968147
219727543 901429273
344527038 262832923
87008653 477538772
824665806 850270187
704600690 545834865
590001905 59634318
405398794 547025241
231096191 54945537
687548513 550073549
790781028 887199769
83604435 9765863
687154237 47667428
539000398 368535412
295661662 688214988
355459322 742744895
939051718 139857043
706970411 361959005
113090644 868944329
551791665 776835248
963492031 19872740
624260521 114189172
795265098 396342408
916303996 536745957
474974656 150512378
362345996 213394295
230208338 679518012
175352591 379855947
575465073 698502844
689200045 779145552
931939374 173447049
527184335 928715593
258130573 588658648
212728849 232581073
482330995 803964066
881227939 110942882
305943964 764649297
847152185 678948230
622977962 380444691
374325510 395436291
236308740 633822945
926578918 800137559
121373404 136224169
418329507 445271816
334460840 975291649
908190679 339392174
942918078 416679970
792279218 295346901
491253680 298491370
756861129 101196812
448763710 321039253
582409895 206779309
515034725 753687650
783702272 886420980
309218209 796354797
94536827 550264324
822673390 216405740
922943310 936110964
573417085 280725815
215895612 427038948
931401676 94521752
174711651 266895809
868191992 497722876
87309013 248797096
970980463 739759203
215699686 746792654
12543868 415108973
361589811 166845095
514805957 84593170
985365059 882267143
428854685 698331603
770378150 65982109
388922381 271072047
392226186 65724931
607948435 212893505
199150906 820035405
759508500 589824738
152978857 467180631
542338487 259592563
978929715 643675737
722257209 5528922
176573819 844670847
480475039 262754127
643253313 669083361
821168901 909373819
836059280 295048258
574532961 573961900
970268936 326230598
409630953 509558747
932906370 370114023
995256864 902426260
732336574 711992082
533257200 447626511
151699626 42616107
869606799 638011794
209328947 895989219
61812827 811438534
327488651 722461412
960424570 994078536
186849110 30020648
126651700 704856409
903761144 895559945
352067184 464674308
856876700 203125832
530444681 929702395
545911581 986039526
531930541 564248291
765892846 215774197
687579068 137329168
993243862 727139896
165013007 197938838
714322877 834367582
826460842 15136971
881960328 666915362
547145118 296621295
301174979 631189038
639052972 687634110
452253601 431945441
192238169 543284442
629042061 215126364
298334606 532144540
764531761 25573292
259881053 115936977
537173109 514944038
780967500 36024141
292971439 746762004
561841248 377128262
614109401 789572565
730307651 155255043
539007480 281479159
699502432 351300376
156420007 208829524
674001620 873545211
613031860 140590369
478997746 648571329
186360045 173181946
270758607 306568298
569488652 896562824
126774319 217182096
618814265 22604957
402490923 747736580
648715845 605850178
985551194 936722968
676677560 422286917
350867027 509907628
478298923 394650431
309109385 600387484
693863069 506876626
1422897 281683132
717365158 432798764
494079354 276885073
516417627 815163460
3729035 987466173
589161633 423877615
587867741 391276305
814763350 153526612
82711994 817200988
240424069 299196562
194091765 118877490
753873216 789184947
244080866 174727124
890457614 19114933
960366261 847514156
633227571 793224266
445910722 782937679
288514775 257250352
678014890 530785771
304687537 928574098
418786583 79439133
84969791 271436736
649253616 728636864
403960386 209551464
708513035 338168104
339952750 449865592
384621107 11412532
690120977 147284338
688246191 660428147
542520857 861664761
881907286 189709121
77692433 739272879
241006243 93067557
194108304 638239071
707557803 524713680
267078303 461541795
48880418 652026926
221910260 165017673
852508793 672358615
231677500 878282519
941827723 956243039
231020565 872823152
866632808 619500756
203802367 996579197
