5 53 15 30 23 48 15
5 53 19 15 23 55 35
7 53 26 30 23 33 5
6 53 27 15 23 45 5
7 53 27 30 23 49 5
3 53 33 0 23 41 48
3 53 34 15 23 32 28
6 53 37 45 23 40 25
8 53 38 0 24 14 18
3 53 39 0 23 53 40
5 53 43 0 23 28 17
6 53 43 0 23 53 35
5 53 45 15 23 46 35
3 53 48 15 23 48 12
5 53 49 0 23 28 17
4 53 49 15 23 59 35
4 53 51 15 23 58 35
7 53 53 45 23 37 55
7 53 54 30 23 37 35
3 53 56 15 23 23 7
9 53 56 30 23 32 35
5 53 58 0 23 41 35
5 54 1 30 22 59 35
6 54 1 30 23 30 37
4 54 6 30 23 57 35
5 54 6 30 24 15 5
5 54 8 0 23 42 5
5 54 7 0 23 24 25
8 54 10 30 23 34 35
4 54 10 45 23 33 35
8 54 10 45 23 9 17
5 54 12 30 24 4 35
5 54 12 45 24 1 17
4 54 12 45 23 12 17
4 54 12 45 23 7 17
4 54 13 15 23 19 17
3 54 13 30 23 32 51
4 54 14 30 23 44 21
5 54 14 30 23 5 17
5 54 17 30 23 2 47
6 54 20 30 22 59 47
5 54 21 45 23 55 35 
6 54 23 15 23 46 35
4 54 26 30 23 48 35
4 54 30 30 22 49 35
7 54 35 30 23 51 35
5 54 36 0 22 41 5
4 54 36 45 23 51 35
5 54 37 30 23 16 25
3 54 38 50 23 30 16
4 54 38 45 23 34 59
6 54 40 0 23 43 35
4 54 41 30 23 19 25
6 54 41 30 22 42 45
5 54 42 15 24 1 25
5 54 45 15 23 47 25
5 54 45 30 23 38 35
5 54 45 30 22 52 25
5 54 47 30 23 52 35
4 54 47 45 23 9 5
4 54 52 30 23 17 35
4 54 53 30 24 1 35
5 54 57 30 23 59 35
4 55 4 30 23 24 35

