ticketID
8970393286412031275
1825072023465146587
7067552543201305672
5333926394242811756
3840515826748970535
8909323848243331607
3539114259575761233
6966594746152481244
1805919797210562279
7944607488241763768
6696897042003217932
3877465045739445467
4401770600569006402
9113235418563659874
7038232700373072968
1183352887471603136
7097102047463021027
5941267055077361879
9094725321503826433
7502570373861924318
8434738281478410455
3667468359749906571
5152330378073866820
1826494546725008925
2459072979720287992
6859893461702972774
1765120152940900915
1534296356032446426
7847527379322646445
8736564595876744637
3245285349775499392
7312108649706366524
4545731962098590648
7002110464257052363
6530127031473696873
5020199165338921165
1844566572443821747
4602459182294720491
9476896714611263
2522876686398164607
2323263561948355988
4074060000041970437
4003372812170703432
3399180923551494657
5218398485960010330
7084902419680720959
2643147276808281158
1875232413973504123
6337449871785551575
8232817715255966631
2121592802675359005
5098000298754179427
1889019205684561265
3750718808587735006
3814723442722616608
670408971859797036
9082866654495461382
2380977834407677711
6099626593235066334
1869955877380062140
3760904965831914190
387106590292061271
7544433098492378513
754518804903292539
4072994819318013335
4038501395106467656
3331259454561360150
4671043463008011718
993736373550221440
6090967201179674242
4082215865542498728
7553283697519741980
793567007602751014
1403736826775742672
6912568403410496812
3981287515239474355
4423083242914285339
8735952094697278534
2216248989694936856
2744235779028949245
5927468906262856507
3285506091322376446
915109608625652159
3573133306657630730
4947884309561902259
6615563349725617130
5533896757279214813
8690564390220469883
9073093618573091144
399560723871628679
964478645945926660
5764782778804684244
1216227074677161887
455875307650703840
6409876885677036285
3804558998025494289
1937317675967380416
1800764535237334890
1149624180135256965
5725151668650852022
6965222772868492892
334057365211254167
8310931504145687683
7917184594055481053
1197035238812873469
4726635885377034658
2264312447555914695
4831750742233824696
4063800030080243322
1989206482473016819
3188837917320935245
2855765134581682688
537616731802004752
4625698274395804366
5214483678129141444
876581174407907868
4645344011045376690
1818601709272035479
6718874038016377479
8944515033128464147
6676526449225317863
3617836399422906974
568448125707737654
2940426536770708178
9013321784804267176
3795746568409380287
5240764247034257094
3827653814920158363
6283314074466145103
938214987393776025
9124275378797495922
3495752877832766799
1880448538571220624
1600875388674558457
5392779114869745874
8770027352494293656
2463630741011744713
4184090812112927981
543707631691192630
5266372390318132456
49162838469182269
7557360015580410346
1257724097076476358
2027430117518114550
1193747214763003339
2158425925411707859
569552637217942262
8347819745620902485
1616028066185210759
5634578126161701393
2358425427149114177
394387590696715951
1201675702883061347
347868380455425608
2024468593849166252
4680567320512387032
619642829309870569
8323414821769826934
9165334283623068126
1199526662692892675
6950039639553278735
8890946285813106878
2606916440497082817
9182792134161148540
3794629162059926661
8633036033978404694
4227704351767944814
3315240883070489216
9164399072895272748
6457105317573740802
8847046526016074479
8418383849602551881
4348832566038614096
5444184904783934154
761723566456809564
7405220858248259939
81550901596316659
2093902767576153467
8816442799710330028
3576024992074191778
3783493857773690554
9180211472410104184
287114309819329327
7016642170460044371
2536443202926530400
7253064680009710792
7384487084789466050
7115508883142532576
8283448503202349309
6018549936123386195
2905368143077573650
409958315378880524
3259218725229318038
849245422281559182
2581537222925248695
5282494632880695381
8440989741373211880
536924958126594487
6530593574435285925
4977066702264153675
914323213745939143
3647107870901684724
9215907456981304969
2787388673544231798
4603783343590775119
8683255596828179441
4337604888604070812
5794814080677422311
2707735713268924904
2125086817271788035
485200783096878782
5424629988110371279
6698993117422704487
7946182746343737519
3026034949354540875
8598816633063478631
8551713645154661346
3921002867662371561
9019378829536628528
6101449681781300013
9006619100254143408
1907584531590584872
8579429055411733894
6862644479827385657
4437477716828168924
5864433966215565110
3620581064830127311
6996841786189338191
811426153205366618
3628481597190220680
3433276108452525737
463828943281336590
1680330723939628532
8917669193878532583
8538233342799565431
3567006680987624095
244473531690638475
3845348509041421325
5576497104281211588
8942306220315832162
4979781671257685733
1764703633954967556
4645681977634616193
8687029774623923631
1549069651598192224
1844072485519001105
7360206921881657644
3038701755724791192
8724439407052280042
5784677212252176852
8238241298338693946
8177966239340086807
9103615372209291903
2543846425697942251
7309455094823157418
770382832939616276
8515491189341656766
16264764327834946
4250678824349421831
5682632375620648437
8823528097459155768
6380118017317113345
7227859077474662868
5413988981285216658
8152979956693983881
8889915578213239749
5476988466728292158
8265032816536001942
1672170487613580854
8327633325844044697
3270888605627051607
7383756152732802564
5377398281602114377
4419291928378290543
6489243959643876112
8999844509690678444
627273454776955134
6551474469649643800
4206295725611240063
5064434104167554689
534036282199994225
4196814457267876305
7828471742187617208
2908697691390774244
1632471148775187465
5391488430195437693
6708931381439540122
5756483489324545811
4042729348332186232
8793599108345953927
9109415415898145476
4640891309736740488
1283819956842351156
571121110848387415
9110960535822157740
106144288876449352
5369005821183390940
6950012843125266471
7079008739462647067
2484407919593566153
1514877594401902200
2707026131292538813
4807976966391562499
8671771361332038267
6737427851496271745
5278848982462248914
322300247336930390
26023572127935179
2370239503673049670
4265083733132619476
5658614009109018613
7508275589819067974
5310395162514138356
4500295971236002506
2379331599741599469
3657311744065144174
7086656426170484456
3267652634194598297
5872210840248088015
6577620587683034092
518955587991494796
3230323202278049212
239327790401926000
972416167425381933
1489439251110094785
4015816990616500658
8375069459162374299
525236150101803186
8750514178595659447
3927587350914474096
3815795499871664284
3116412987453110555
5764074395174252015
7075245326081677647
3762498250864087861
5545718529813346966
5457054579389683170
1561353718189496177
6800495299669735519
3088565647817278581
2242201115016041333
154689859051297407
3938610368379048433
2597350087702231831
5524889667356527487
6457639668557959347
6664324447914086809
5201785265177239684
7433132945440543115
6474409575424679428
2018072939088169579
4919879108002176497
5556585895724866036
5616169730166427853
4319518081788313824
6066716274795006049
5591345116010210128
331972836340309836
2374113858256978557
2611422022983940103
73420750943221696
8025311198012074799
4102909254595799691
8667183306134105478
1752776732653847783
1785286007828970868
1379874924198464013
12321259231752391
8419867180890014791
8827247108477546212
7035941280972959127
8999636713143405268
1959354947996421534
111788856383364805
5947782953705605049
7060073453356135568
3447076353818547682
772920761454301914
1398058851102764258
4261094202751650781
7916194339374070309
4808977707832698840
1750516702599583890
8263540284821845594
3882720808068195480
1459112347742556595
6545257744102878024
5562730681941833089
5499308343395503434
1216227235414890966
4529125039336474038
7767622547171075779
3942071236964883239
7905818979112558860
5207068379386319481
1187106511003093882
6244312051016691195
8919858257764392729
5093436539840011719
2791276951011760868
39827481979371180
2371350163577342724
6332243089433937989
2273894311999940872
4515909058306129456
5472899188724623705
6271622745822630961
1339708679456705778
2197623620261050718
3909700395758950780
8839613480712629494
6723431118828690775
4287398450747861186
7896761541774921035
5042966767151457130
7453267486482260905
1396705618518659040
2750503804032175393
6616593745699967370
872448840820719451
4913251416075678663
7444385636608904755
7771075974415324809
6755712239078707759
1216697400524892957
1050175368432059926
597865773558620225
1318902656848362429
608780962468370998
3704105597358215071
606018166181639942
8139264171157200955
1401918974487092526
2782107680230071904
778967107730320117
3387849810896722655
7181655389948731018
6001173797976524646
3562603839593914878
432491802271476481
293719122765723652
4226621675628535451
6138755246748056683
7305157468595023828
1883554539679028595
2436001943720221920
8060755423352325308
1492521824500812407
681567100975357618
593166296196496690
7891888082396988676
582010271410584060
28637435843578942
6446995262151706407
1271870711321693875
3459662062667843800
7018039199804434967
3705723073347210455
6678420152694331519
3107767412568611690
2102084131287120797
2119806715518791885
2108619060191449784
5726149994910708445
2128705907716724960
7517949273547574097
4299245423900616297
4361104384581997265
9055440696836926573
3697999354532918439
7774068333138162242
4354313383780831327
941493361605825767
2533436117200247861
6426364125290990314
2138277455274448686
4547769070947342695
8788387044108596632
1323474714332009054
6341165682706436572
7204443037722537640
8833834506020229215
2088648570690005836
3178371037844403285
9121274323984464158
6514227175595330669
5134541766668043053
629683353810067307
456177700549639101
6360401583312656720
5686363474490124602
2704615824114176835
4493595634242193
5607938131082784074
7827305081777171301
2281739093352066342
3684546945651674883
1143714968744616179
7610620182472332072
1512300054731392157
3745776285852854181
4124762574841873736
8917383540744891990
8593850913839519821
7356434863091346833
937217109502777106
2381515845811176663
1557129777945968428
8156434397005848387
8804933295525645995
1909421354875607454
1784457140553621225
3385590370417189164
2837498722696002287
4596036382280451169
4864689528585690197
5546763864873523451
7496955750275867838
6765987673036885853
2325291987305701972
2561758738186053951
7690838763563485530
1357911889311378962
8919584900659880746
8319831634625985654
8425212503436951200
3837527750536090578
6563208183575959363
1186956703764598407
7416328432447569798
5535900801331840281
1141370475398019064
6220552646091523561
130875213395398540
8261872111549908510
7573423707692825928
8976471417251877346
3448999451757186269
6519012847599329272
8075892573034294056
4741453174808665315
8575277399700175163
8917849551506372997
1941952325047064610
7262475031711998925
4734077054535808644
9195042789220405298
5092803580259057859
2654364376846823516
8862378393678789735
1913469088973342879
9078124770058774118
1679470618920463953
1290758557260021047
6950411092228442366
2333593600844723241
2659784080162413645
2750775359785341747
3449911792094812730
7910101233954770679
1632415671807229371
7401879923807798712
7522664718030564448
6701256480407117708
2304253321349485114
3441313220783435371
1390666649969269899
5959251537892357061
3794839208343393857
4951471298319800427
2514750045551118075
5869012783401297376
2972371755549030772
8838406782015474042
3966741790150944645
4367743846080878682
476571819656242205
8794378087913530797
8520261408318226966
5032319949302282506
2924807747100009716
8530119092081017039
1315749011534164108
6879838481889900209
2029829842459748831
6139161908982998898
4391911257634003432
6062197864981548353
2981982959766143372
3086097472702512483
5476742141246288483
6952891864701803187
8273958526498486565
8164135571360392827
7562973067008533764
786210232952143148
1524695120650969013
6438920927827652243
6060507478132219559
2004055302674107550
6055971012610265311
8316020242483950676
1225525186278989401
8664681894215539889
2296067504380894075
4734011478647386826
6523920302626175224
2796378546386443964
481229401866808941
4561204024747488074
5029122039762559583
3977797015401028281
6451872188852173370
2436633256804101644
3519193266144832231
3097949475368168100
2454556938595034512
7204278051480618997
583150716874784855
3608538823413518556
6035285599547908371
490648690351481450
1926592936344843626
8346346717460597049
6318749810343258416
727289103646788006
5534099616226321747
6399195737230458553
5577248139259117685
4298760409180706681
8988364799176533203
8813177381532076664
704206050826813514
3845781912350870066
2034231046820561592
2686847790741688646
2756846055781656863
7648363956294515780
3960091097309757988
270525159261521783
2214780966892686204
4836876380215530973
3336005278626548011
5169053329348673222
8894074186066662697
8134116633643983243
1210546729441736169
1852347525436575608
763059040267267080
2732203877064998371
8942579674871600123
1244670599723439850
2245768753856723400
8320255252675087358
5970500962096020059
8211713088489400809
2625140709052158519
3149024363205738758
4717076240294207810
8201229171598478131
332715717635441346
4396526959772510944
9022281398519383386
3411095457618955333
7527304167885631737
2240492232745994198
5691818792278282075
2261201854244516243
2786271217942051853
8313145622931593364
4075113633671625840
4348345500971347833
409868502140919457
6869306548686724163
2839867399569843231
4480387224364153964
1491598972416741535
1956627614518077379
3958998362415751259
7750465904459182238
8395059434778154119
8527778253369892712
1394411225836458927
7250369743118654445
474838201852276302
8435523580472640084
5153711128948630766
6524876762402271923
6920385905961426895
509486149700860748
4618255797883763088
3789734673377795151
8056069517570898212
9041237087616596932
7899919844453786849
1401979545345943175
5689272756802023000
1036767052414077504
7226089384293090649
8823563918656630705
4032200559158762694
1263154394452989330
3843271023762513709
6194787853049199172
1080502028301281098
791087889273318072
8388122492434884278
5086207692210506843
5118265544910460903
5111458341742205544
4586732973972151457
4098369796477640221
3313696670230181831
6396883910873158984
56318780079080506
8811830301409426049
7783228846089304069
6929955677868771009
7849307862856843819
7177064780295776125
6372527881036705600
4212883046276792715
8715101381347122677
8981572792023082470
6158588420774518816
6423916714262491302
7700125444996382161
4659941699832721863
4035659575991680660
3744638848004010262
8144772162602503852
8668418000597096039
7794127493716992226
2292614351176654849
5794852715133501642
1318425806821525377
6789604694842904610
3020885682583661088
8527035455221112728
4320681738878370150
759450108062783298
5522299234106821073
8302531538553145894
2199228781621045742
3888729161235650397
3337689247051847773
8491824869788359226
8484982265452419802
4562560308205057118
2074181993287870244
4605334047765758207
1723765236214911287
3581626661272222145
2972198608909006860
7873980534188978127
7276101584121373506
803775086230549861
3422665768899716876
5635273088881949133
1736676998840129260
4691824716640860405
3757927492429887556
1694777537010077044
521690038587119570
1333987690626441256
3152619901621006632
6942274483202727875
3560271905920755436
5107272181979100466
8686049120638768740
4558460657458190995
8263530157997328328
1539487277262692968
1582844920063506380
3495517783364584750
5333236424996077733
3848025106391310019
5916362239376085174
517717094334810732
2187944888748255955
3221942830101040541
4777637452949015425
392896185738219392
7145281826862333799
5804314198510706773
5953739181504992364
2963448637627075337
6916807694019711198
6368727367948621276
2387802594403254520
7674455577851270869
8477549119334274605
4053326467661130179
5560856569467989167
4451380088900795586
1681669009134086532
2716528904781309179
5558564985749426154
6123914720821477572
5325617606141124360
6464399661079926557
443053394302833722
5792518601245432878
5288731619337585846
9183627905308500953
8764628631448085201
2672312915600329343
4476859426746951957
5577912515553619743
8957446513311935787
6323645049102153217
7798741025674795759
4895039749838243223
2320904001343920739
8214972251787481192
3804985375568184942
2718332506603602
4909643151365786452
4789876274277712411
6711151873088630393
8082389879389802479
6905608757822735734
1086334580333582910
3894789829733308135
7994897679587107084
3600614168938050548
2302128440531714551
1635860209647262405
8282474638200966170
4181902053137254043
1051583914714823020
6867759248219318963
9026258257084990392
985910994005723607
1664880505797220417
4848307188216827610
2639414354462347985
5688265053754844761
7759283964490196924
1404897804383950989
1322270302219437108
441335585411375474
8010678226914300260
5343058193749231552
251246736789616856
3952865944650079984
1672594806001704408
561832932042808302
7932637658747033351
6827958917076834390
200040233290683432
6941520364178444058
737167010692920284
5196468177053728630
3528751091176791735
62274823700140222
3536029300057324355
8121137299808008929
2268315129816272572
1106245472969444277
8864843693248839159
4893324592089334848
1605355675183416577
618561227649945873
3633381590183729336
2201032260572237939
3994529307694265155
4619434432905159420
2196177815659642686
1819036071338324774
1907954864052420311
8503185970279064378
8940612363723605380
8650803755197485180
8614341784292247399
3845541800582812195
4276900700120773331
6372084339018198526
6942545021493661490
6826802370388728001
1289003219262144536
3207907518002402363
5366989309739373392
7296766087050402320
4934804688830419031
2080370665951899017
5526035797329082056
1029026185303477429
650961129965504040
2590091326190171290
4020193563627432930
4764790107426026370
2600014297126709908
1879833644548704585
3983193152927804380
6091543107625883268
6978207269765290448
4126451140151494861
1053410976565860671
8325700502182324352
4874759459825816521
2105508787583982315
3234091468792390449
5897309253273090930
5306198911091659710
3854225297371343859
748870298096360103
5937845896456170142
9198421025517792233
2178525236747655020
1169166712254856565
3710905794619590766
6260304929723094749
8399796179148507152
519958842621776096
7604068292584633211
9157966545066041897
7027996911518226296
5049662656716725665
3675521194266252240
6405705959228129297
7344273845610280376
2364937030411059705
6694161392844363435
3873603074240200425
512811905089589013
7940823740619940128
4017511138142492809
7226623997375497960
1877718892975814672
4613450856688536524
3288723341643621404
887699894271600302
5811283151826358536
1268998406306761745
1103633880165406068
320330997932438684
6810643461881976341
7546159739783897615
1078543480984916972
4800715556267830351
5008317712792854907
4721271273064744662
164698098231887264
4182468110876647043
2558929205636217884
4939857888643521479
5154219666416523323
7938141182847083945
8926267975069203557
1957779133510607202
6040125104443154316
7532773120349200557
1173947463207508618
4779961960585854365
6948904134126059824
5911260980722091000
3920402288897262486
1642769510873193425
1316930573911568295
7957457248509528274
8984108627378414021
158424460856360891
2407609451737248268
7176333822209663008
4917632094293567383
7179178487545110572
1563707115027937880
3204437382408794542
3613883560352208244
3061049735554452549
8744175154133489763
5563037853811537542
620048817235240566
2392631084047430042
1458033678198490993
5569407666992158796
1574717279850709376
6815340956141191207
7262829270055534397
1525870032581209072
2199183725160217284
8347423546865083235
5413772995270533492
4334879424646642152
8191844723274198193
2019164632407467843
324975529129380786
129916455807144497
2688714612215975126
4614339131641926652
3411638463755974679
753560390055386114
4457599603165556449
5977290595392056191
7730418795696916646
7299767582584976475
8169595142860435709
3994904398825393211
4030572072897487214
5018941294861328279
8537546273866991038
8613453860173060231
279172214407671706
3421868580861251733
4110829880412957990
3963979957133297299
7509950318972160537
2536780288133031042
2897104491448455650
6476370701965508614
3134575888947548070
6797736476394229699
7283016649849239417
744206588067046090
2268123352701315638
1140357585234821828
114407089664521277
5037870115494125980
5322149149620883262
7502865382704663423
5363767623271536149
4593380674917898556
4715278018174724773
6707175973825623416
4822689606791749413
4576075114940182995
3439084076184631825
7783881920533321579
7041387405861851502
4706465412255924592
7551889835485706522
3409163066971577716
3373414194506825165
5023956213438229045
7664978615786946720
8231895384073666815
4666489174979827159
4576503356777298784
2629198671720634484
8156877272690120600
8106472020724622113
2223533492915753451
7161920713854362719
8907896481851983887
8121714864635833159
6590631242080691251
8823923798208043006
545244496960800156
791954528767639409
3741592008655562374
7383069602598561669
3860311708837764328
5194350096775787271
6213692166644695089
2671400223631315524
7749731467165993451
6426069359946568226
2222105816990768614
1999756700906585595
3764270815910006693
3332660930230767915
6474450266614962472
5800963637603707578
599428528229815108
111000911197826954
6228330953607216401
4690658277876623286
2523107117072462101
8345268189668625190
1211234182364714646
3846695998728706412
116152887060724477
2527325435093748356
4428093499731901349
4467040402796719047
3410826142961661622
4687175287666958748
8681876877372416777
8606771216181763920
1592528229239028825
3031221488750308190
8626029102966585325
4975521279385218467
5350685989778203358
2208069419866862307
3579944016379698039
2540121493430581693
4922181232791240030
6356410049305532530
3136090437790463875
299336375145943311
5885795699352582080
3747506101714279581
8370107316436751249
223694396860829920
6377701465497349189
7677032072037868737
4031961509985648421
3995893021154638383
2117401044844858154
978140811219602858
3368706586802875594
7500972645639344065
7427542029066910793
7378502726347476454
8484809846558499942
7196065346516217303
1538475442047585588
7649388434272132386
7981112963595888989
7607826730252036847
1506349083763714002
9074243401592628210
2817919150131949615
8250677281602620309
1178581378211521666
1831851476786247240
12966604317753482
938018465312836889
3849837788658275146
1652355416566607278
3171565151487113465
9158242137999752073
4918064116062907026
4805678286030902726
4561866195451612362
6305503232202367743
3985445864903912246
8936942622002680703
851569013370515562
4497571234093154836
1835274233952023538
1431692733337036651
8990042807564629062
2423642693443146028
3816487420139895064
458326364178981572
2720030849807837790
3697676692034273929
2791825632192956306
6348834671612993495
1037890604636344709
131543866684268051
4126436878738685069
4027268963359390382
4611427874544314821
5522139275888962611
2955318435083568838
5484913782040301027
4360407971596031780
3578460789258821789
6257349196603690796
680890937014975755
5968133726680686407
1728037387127444884
2624576832241922041
5306778812248671429
291367081490590716
583607660272081609
6153245043365621577
8382621795102480948
5199625076733837324
2016650542889732945
4483675960798766152
5832431298925478904
3749164386914414569
6884298419173071728
7862932986406499375
2479803549500856340
2912377938142812651
5119763744407703186
7794601137259476764
5175604482026090351
7948148300112740784
8624556626588615569
6934694663480138967
6770032913705704776
5571582460001031468
5339845488036132836
2873909410324288058
5061197383582998607
3309325497349172756
5673393484769686811
786358583189537280
8995277528095412782
4006883168459442158
2820205216123341408
5308638980104432833
523921876972675579
8068772792311437075
6622865041248612254
6271241634948545996
6958061852804232592
7353606731994147589
6829621017555046320
4347887739637781207
7601378426472354514
1344201367321635877
1526648425826292020
1220766442605155536
1938799330216076402
3629865388256634089
1882236910109283725
6744710414419775941
1961700931068847388
4754406724509649719
1984779167004061990
8128256494536855603
947767570284694409
2887763155221558122
923680068280062571
5437198632970067573
8030868696426982865
1198364455868554093
3154765533808630121
571465113360092190
8091613291882128702
8353818857641546294
3218777211435898471
4886333969309827305
4599945164484905559
7212564780413076668
8369934423976858718
574614461530944969
4309166755712378690
2777660613413981851
4165872818683667272
3480030668327580352
4280603299724653833
2962637823639858860
6799623744621761634
4649447869674313648
5430273357798146059
7657736868743388843
895646328882090980
6717381401810167551
8778877347113254685
6291287030551768662
4042595791113504390
2746513331228882339
8196997534958990136
8193853699059984573
2849155987234919350
6601830118957677296
624560721240630380
8218352365809954627
8521375180876396508
8122648972720444473
4191968315765486740
2766031591602311114
5181641536753726232
8569527595293201749
5210303210303968023
6538329408066501814
7022947604998186882
7144573249203632704
370457055474094062
4604483830081647554
8590921246324693465
3076076937492794016
4557225284390660919
8972457146673710620
7453335084653989938
5403004006399253758
5230442347844243590
5260214851617095545
955641817696738885
3884249202860301144
5965285271344519379
8256528564267588125
2235492761193991306
5570153586058576383
7098167822770923028
6486872437453457894
7656467191158954301
7551087669607476550
4425135168242401113
8404965144661863427
1033951297357747810
5853499569526455565
834695157097126387
8771336411546429574
3232182493263314911
6138393148136221299
1826848682161964414
5515292916431333803
5667369432082801256
2033095976113801593
2658245336781956033
4657517753778336668
5308605035143204073
492122245514291390
7927985531691411936
7042190823465287197
3934242378156029765
1323891479565106429
3947196960841788042
1792618024514382049
3368818923094585516
1721576174749414527
1727829440332898870
518162526020225346
3200641787840485627
7391872226151415332
8545067313946020036
1216371597348382388
5616503605853615362
4801346831220443515
2994147456511565471
6562541660317703822
6464227702607431625
6588909891856040942
2240732767305000265
2752110638504668402
7380953827582117292
8354166212858509827
6229933071969434990
6593633382929265134
8893653645466233925
2347748006754183668
5954669392715820549
2287337627270274682
7707826357252737835
768174860958093208
594020579795940522
1461077112410866591
5967579150168762731
6868937139315102881
1118089934421894753
5758495791940779727
2628042229199114754
2057913258432718312
920213368810329337
2010134043059770204
4076641412531067855
924557483493620996
7521515242064819921
5822257016758842033
4720237598569638327
1651346127052560142
3242914865995338847
5011965051806125751
4537278960530836254
5599448895820057671
6569708673421331287
6933412443282249168
354453827305095469
8398002522657405490
4230286479732841629
4120875909538148199
3805792135853092921
3455167387356266570
1980487014530745469
3599934018570686965
3970574576674094783
6309163916409049434
6578875456329077722
8218335000590538657
3120886007117256954
6489306314815251164
8500773020875877860
7505879958914096274
3201919881425420259
3503711892187324026
749395170219258142
3849120620253020535
7752464738401299698
3370974267246145785
8082120147925190792
6236572767502455742
6486170758500089183
5497386846938854016
6188227040684020387
4720679191601248444
1813678511368001973
6861753884613108648
5646527081462840506
6578304862571473073
3562296763915459728
1238268906169504280
1381836631391111002
2035560417019320808
7571398536710639613
2188830117123149554
9071596573089030799
3711733946419141012
8331775422957097815
2148418007320812572
2606275468985448113
2115216845496482110
2352043687724513910
4316267956690357476
5342175786936763321
4307203840963873208
4557389292344344197
1104923162494783428
7405377726418657201
5051932436648917037
2259087587247896980
3094508507947376907
7692162714980246543
501367184172259355
8876421399367261188
2993161051150863610
4777689674508332329
7160157186462808448
382611066174037765
5362464415610338415
1012416905737697671
1649277152039748997
8509556222475111840
863454321295654155
8625609898408458731
6716494672150371067
7142571013260053541
8701671473842425613
6002544646925216595
7587956258118335166
3040409629166571766
3443122728941762158
4209664442812602376
8832750570837244002
4346202316651796404
6929756452479621757
8284775686418665265
7695533375227768254
5844756851658574399
6207828729702692405
9100545519229741031
7421740787746350559
6522230294697690096
3105939239812938998
4448897417296349544
7627935530745355290
385780456240027551
4537343086153540327
8985170689990860492
1717909872615458637
153939023022646224
325730890086209029
4732323713120273332
9218042144408141319
4044544163624143423
5744906603891240655
7078149074718915373
3294075890442702965
8266645679132683983
8755160227631065350
3575714540969484030
3543153711283526103
3054809007952293537
5368116334839149173
1345344645575835877
8953508992906244627
3514213257058250612
580622828457544864
3453825721180582000
1651087425529686919
3890365596664960764
8411394028579805848
3647293016635988397
2017785658443090185
6493751886736302093
6008188150248698157
5574501853384272843
6603400529633198369
3987272444599042634
7512255729711558046
3865234169531516102
5458871440791309683
8649341420870071983
5990742018009727023
1041893888355974057
4231251254257925609
4283220899962115232
5576657379293797324
6513641250786158332
6875312255334387244
5151234877028220433
2029378699908047197
3133731459064134761
2028532816952789171
2776766024203149350
2300679814367881151
7459236870673280557
8006190617703835202
99483742647715786
4920684692061376536
2056903679149293897
7175055079184249079
3010911077956419784
4297621431204462810
1589122497453296938
1483709386909315076
4634515790313283124
8322590896294855331
5477480333432333008
8299630111016718865
6039419130766803448
5876383479775148715
6774045921659575557
4021763615627752349
3854075981424449715
2784760475336643847
8160081908641389377
5794455459238062798
7399043088247268066
6133113271610154032
4032489203342488214
1708743305084699817
1043635997436505992
3912866598326223388
2223458160434073473
1785324111819451495
6581129472909605881
2591236519426481260
1664447925264768320
8815125149120350025
2951552040410856514
8954170356784046987
474655563306034108
4733449993965953083
5681286903921703270
2355645900561266134
2044217562555004361
8055892696652798948
2345313901507708058
7802816723938166340
5894967464723544255
6881458908266142820
5386984326424111169
7306532186681933089
611729816742320992
809431559892732254
4183882016897699279
6994267931150234249
8324092988699397062
2025610752063037145
8540989164049593226
1843410318395596911
8575691328779829099
7486488823749651113
3464270882350149876
8918911706325777728

