
1
11
16
17
28
49
72
74
120
121
126
138
152
156
174
176
187
200
210
211
230
249
256
260
266
272
273
281
282
289
290
299
302
308
313
324
333
338
347
350
372
377
379
386
394
397
404
415
426
428
448
455
470
472
476
488
492
514
516
539
540
555
556
567
582
586
611
617
620
621
651
668
669
674
684
687
702
703
707
710
713
717
749
761
783
784
792
804
806
807
813
814
820
824
826
829
833
854
859
860
861
866
872
878
883
894
898
899
900
903
923
925
934
941
943
945
970
973
974
989
991
1018
1031
1035
1046
1052
1066
1085
1097
1114
1115
1118
1140
1145
1152
1169
1170
1174
1184
1189
1195
1197
1201
1217
1224
1231
1247
1249
1258
1261
1269
1272
1294
1301
1305
1306
1311
1320
1331
1340
1345
1355
1359
1371
1372
1384
1386
1402
1407
1409
1433
1435
1438
1442
1444
1448
1457
1458
1471
1482
1490
1492
1500
1505
1506
1518
1521
1526
1541
1543
1546
1556
1571
1575
1594
1619
1622
1627
1636
1653
1669
1672
1674
1678
1713
1716
1725
1737
1742
1772
1773
1783
1811
1818
1841
1842
1844
1896
1900
1914
1917
1920
1922
1926
1927
1929
1933
1934
1936
1937
1943
1950
1954
1983
1986
1995
1996
2016
2017
2018
2021
2040
2057
2066
2069
2072
2083
2087
2115
2120
2124
2136
2142
2148
2164
2174
2175
2183
2185
2188
2196
2200
2201
2203
2208
2214
2226
2229
2253
2257
2264
2265
2269
2285
2292
2293
2297
2310
2313
2321
2322
2333
2345
2346
2401
2406
2417
2422
2428
2430
2432
2438
2470
2488
2496
2500
2502
2510
2527
2530
2531
2534
2535
2539
2542
2543
2554
2566
2584
2586
2594
2611
2619
2625
2633
2637
2652
2666
2671
2679
2708
2712
2723
2724
2729
2732
2739
2755
2756
2757
2762
2778
2784
2790
2816
2855
2858
2860
2863
2869
2875
2895
2909
2911
2913
2926
2936
2955
2958
2978
2992
3003
3006
3007
3018
3023
3028
3030
3033
3048
3053
3063
3064
3070
3074
3078
3083
3091
3101
3102
3119
3126
3137
3144
3147
3149
3159
3160
3166
3179
3183
3190
3195
3200
3210
3211
3215
3227
3250
3263
3284
3289
3305
3310
3313
3318
3322
3324
3325
3326
3327
3352
3360
3362
3376
3386
3388
3389
3400
3414
3443
3457
3463
3493
3494
3513
3525
3526
3528
3534
3540
3560
3564
3570
3578
3580
3587
3618
3625
3626
3627
3634
3660
3663
3667
3671
3680
3690
3698
3701
3708
3710
3715
3716
3717
3718
3738
3743
3748
3755
3759
3767
3768
3775
3777
3787
3802
3811
3814
3817
3820
3829
3832
3837
3838
3843
3847
3850
3855
3864
3870
3897
3910
3912
3917
3923
3924
3929
3939
3951
3958
3962
3974
3977
3981
3984
3988
3991
3998
4001
4007
4010
4011
4023
4033
4038
4041
4047
4050
4066
4071
4073
4076
4078
4092
4094
4096
4106
4108
4117
4119
4127
4147
4154
4160
4169
4170
4171
4173
4188
4198
4203
4209
4219
4225
4231
4232
4233
4243
4246
4249
4256
4261
4269
4286
4303
4306
4310
4334
4352
4354
4359
4362
4365
4367
4368
4373
4375
4383
4391
4393
4395
4399
4414
4420
4423
4444
4447
4457
4465
4484
4496
4504
4512
4513
4517
4519
4520
4522
4540
4546
4565
4581
4582
4595
4602
4614
4619
4621
4624
4628
4630
4636
4640
4641
4650
4654
4674
4677
4686
4707
4708
4721
4722
4734
4739
4746
4757
4758
4767
4776
4777
4781
4784
4787
4794
4797
4799
4823
4825
4832
4854
4855
4872
4883
4894
4902
4904
4913
4916
4925
4928
4930
4934
4943
4948
4957
4966
4969
4982
5005
5008
5010
5013
5030
5031
5050
5052
5055
5077
5080
5083
5087
5091
5105
5119
5128
5130
5133
5134
5138
5142
5156
5162
5170
5184
5191
5192
5197
5198
5210
5213
5221
5223
5236
5240
5242
5245
5265
5282
5283
5299
5305
5307
5318
5321
5325
5328
5334
5336
5350
5362
5368
5393
5403
5408
5412
5421
5441
5444
5466
5476
5494
5498
5502
5508
5519
5529
5530
5539
5540
5541
5545
5552
5567
5583
5592
5600
5603
5613
5654
5661
5676
5682
5690
5722
5724
5737
5746
5747
5756
5762
5784
5793
5804
5817
5823
5842
5855
5861
5866
5875
5876
5877
5880
5883
5890
5898
5899
5900
5902
5908
5927
5929
5940
5950
5952
5996
6019
6026
6030
6032
6037
6045
6064
6100
6105
6109
6116
6121
6150
6174
6176
6180
6195
6203
6221
6228
6229
6230
6237
6243
6265
6280
6287
6295
6301
6304
6309
6316
6324
6346
6352
6371
6389
6395
6401
6402
6403
6405
6407
6409
6411
6425
6440
6443
6446
6450
6458
6464
6469
6471
6483
6489
6495
6498
6499
6503
6513
6516
6520
6537
6539
6540
6548
6554
6557
6559
6561
6562
6565
6572
6583
6584
6585
6594
6604
6635
6640
6669
6685
6694
6697
6698
6702
6705
6706
6711
6714
6721
6728
6730
6735
6745
6749
6750
6762
6773
6777
6782
6785
6787
6812
6816
6820
6831
6833
6846
6848
6865
6866
6867
6868
6869
6950
6955
6957
6972
6979
6980
7002
7005
7015
7019
7048
7055
7094
7096
7107
7108
7115
7133
7142
7149
7158
7161
7162
7168
7173
7189
7193
7202
7222
7242
7243
7253
7265
7270
7275
7276
7280
7286
7299
7305
7324
7325
7329
7338
7348
7359
7362
7366
7387
7397
7406
7414
7426
7448
7454
7498
7517
7520
7521
7524
7526
7533
7551
7552
7557
7572
7591
7594
7598
7603
7608
7616
7635
7636
7638
7644
7657
7670
7671
7673
7690
7706
7722
7733
7735
7746
7750
7777
7781
7790
7795
7808
7810
7823
7828
7839
7841
7843
7845
7847
7868
7870
7872
7882
7883
7887
7890
7896
7908
7910
7927
7930
7937
7945
7960
7971
7974
7978
7990
7995
8011
8024
8027
8033
8034
8044
8049
8090
8092
8097
8099
8108
8113
8120
8121
8139
8164
8170
8181
8182
8209
8224
8227
8239
8256
8258
8284
8289
8296
8297
8298
8319
8341
8350
8355
8358
8364
8366
8371
8372
8385
8391
8413
8420
8422
8425
8431
8444
8456
8457
8472
8476
8485
8493
8502
8513
8516
8524
8526
8531
8532
8550
8555
8562
8570
8582
8601
8603
8613
8616
8624
8632
8640
8648
8649
8659
8667
8669
8691
8692
8703
8705
8712
8719
8731
8738
8749
8764
8769
8772
8775
8783
8793
8805
8807
8824
8841
8842
8844
8845
8866
8871
8873
8875
8877
8880
8890
8896
8909
8913
8937
8943
8954
8961
8974
8977
8978
8982
9004
9005
9020
9023
9035
9043
9046
9059
9064
9072
9074
9081
9086
9106
9110
9111
9116
9119
9151
9154
9157
9161
9163
9170
9180
9201
9211
9215
9235
9239
9244
9253
9267
9286
9297
9305
9312
9318
9320
9323
9324
9338
9355
9376
9377
9379
9393
9394
9428
9435
9449
9451
9452
9454
9460
9464
9467
9470
9471
9483
9491
9497
9502
9517
9521
9526
9527
9540
9558
9572
9583
9592
9612
9626
9628
9639
9640
9655
9658
9666
9671
9683
9695
9705
9713
9716
9738
9776
9783
9786
9795
9796
9800
9803
9805
9830
9834
9846
9862
9866
9872
9878
9879
9882
9883
9889
9894
9900
9908
9920
9924
9933
9936
9937
9951
9957
9962
9963
9971
9983
9994
9997
